pid,254616,356583,1092484,581706,357735,377614,479705,997549,997756,997754,254971,352141,254769,480500,255033,27071,273828,255024,373011,404424,375762,377073,373076,377088,377319,423443,445067,479801,255035,482618,559495,997181,1134984,513992,626288,997186,997254,691482,401961,984531,320501,254153,349086,254652,351250,360011,254981,344205,315172,345914,254599,254633,254638,254626,255022,342576,320499,254630,360532,372653,320492,355220,254636,480502,377548,373795,254611,371591,373078,466848,372796,379144,373523,480512,630127,466885,479586,479957,1245267,372781,379333,373697,254604,320512,480255,254831,1164207,1270267,997531,997750,997333,997717,794237,616343,997732,582864,1049297,691326,997620,609301,997729,1229194,611134,1444408
254616,1.0000000000000004,0.040137928546382685,0.013634877062698794,0.0,0.0035053949866641386,0.010752345471233408,0.005968378257933537,0.01893069556217849,0.0,0.0,0.007274393548322248,0.01796864855035579,0.040498956447043544,0.0,0.0,0.0,0.00930014291746633,0.0,0.07620785810284118,0.0,0.0,0.0,0.0,0.010410908775440222,0.017793946611222917,0.0,0.021246957281480853,0.0,0.004154256830288639,0.004399665949690005,0.0,0.0,0.0,0.0,0.0,0.0,0.0,0.0,0.0,0.0,0.013619128567179202,0.0272226954981055,0.03214550568199067,0.0,0.009528253486834865,0.05199017768886806,0.0,0.006576904251420381,0.0,0.0071229784629435215,0.10298528977592318,0.013428967687629679,0.0,0.0,0.0,0.0,0.0,0.03182120768628939,0.0,0.004707315281048181,0.004083482129173801,0.047042332622151434,0.0,0.0,0.0,0.00413579413407263,0.0,0.004017594881958105,0.010046232356488192,0.0,0.0,0.0,0.0,0.008756903805241962,0.0,0.0034877918454755494,0.0,0.0,0.006575118095631314,0.0,0.04383664032335033,0.01838262439499554,0.003748191892948268,0.0,0.012001458573514045,0.041973527742313416,0.027664501666782748,0.0,0.1211485270770857,0.0,0.0,0.0,0.0,0.0,0.0,0.0,0.0,0.0,0.03828075096398205,0.0,0.0,0.0,0.0,0.0
356583,0.040137928546382685,0.9999999999999998,0.02694763935713888,0.005836195354384685,0.010049492447110023,0.014147303108036854,0.027493477167911284,0.006504682673980679,0.03856310088546054,0.0,0.0,0.01838464302484167,0.009193732612996709,0.012282877331310364,0.0,0.0,0.07145938044023403,0.03737022675587902,0.0,0.059428655015339664,0.0,0.04476209388651324,0.05370180129971209,0.0,0.0,0.040018557933119744,0.09103264335316667,0.0,0.0,0.0,0.022773755241524363,0.029967272703195273,0.023851188524197594,0.001981699621205097,0.0,0.012219551784127758,0.023113997994888655,0.009762972130667312,0.008532029667326118,0.04080362013894439,0.026359662963152557,0.05277244507917796,0.10919753059614601,0.0,0.044029859680074016,0.06849574210199826,0.01768407649903933,0.0214035718341403,0.0,0.04083919752268349,0.008882707980549064,0.016547760207605195,0.0032623003528696117,0.004022241471623077,0.0,0.06023478038287103,0.0,0.024326014608850866,0.0,0.004180492435563745,0.0,0.20493256157752981,0.0491733838922434,0.052160586566121894,0.022618722866128867,0.020040812305833083,0.0,0.02303400942786517,0.0,0.0,0.011839285600771084,0.006368905524699836,0.005689835279247173,0.012211008103977065,0.03784607384724726,0.0030974529123922955,0.026279072817419615,0.01114965051874959,0.0682038089319133,0.0,0.02219874016453142,0.019789426921914027,0.0,0.011638407993378065,0.12269505875679065,0.01185160472633832,0.05311572558011528,0.03102585151414135,0.06767925041584287,0.0,0.0,0.048638386714887474,0.04345232281416271,0.028568404386615256,0.0,0.012505665112483381,0.0,0.008545297471994496,0.0,0.09948031822991812,0.08450306003488027,0.010700562165653304,0.0,0.0
1092484,0.013634877062698794,0.02694763935713888,1.0000000000000002,0.05008268011311625,0.0,0.0,0.0,0.0,0.0,0.0,0.0027986374370198496,0.0,0.0,0.009369575847448955,0.03956505355402654,0.0,0.011068480791817142,0.006267549561371239,0.002878758613116362,0.01201256904723632,0.0,0.08999696627469678,0.045605117399755306,0.01834890699776696,0.0,0.015604137348146953,0.006415252503442756,0.0,0.005865128775325606,0.0,0.0,0.03152334614894109,0.0,0.0,0.0,0.045073462148430624,0.0,0.0,0.0,0.00560743130121213,0.003226199412024263,0.020203950725782117,0.0,0.0026801040436443464,0.0,0.0,0.011896738424098552,0.0,0.0,0.0027403843436649817,0.02039367631920073,0.0,0.0,0.01949290943700176,0.002268327674617452,0.04742245982442735,0.0026919670912217046,0.013969835956278227,0.0,0.023168076562437336,0.0,0.0,0.00953448583356012,0.0,0.0026394027035283396,0.017133565950379837,0.0020652134514548893,0.0,0.014999904412441416,0.0,0.00901926002035156,0.01452486799733586,0.0,0.0,0.0,0.0,0.0,0.0,0.0,0.026591293904241402,0.0,0.06178681111126548,0.0,0.04619457509305276,0.0,0.0,0.0,0.0,0.0,0.0,0.0,0.023196972134695022,0.02840532636601603,0.0,0.009687644627778696,0.0,0.0,0.0,0.0,0.0025032412772250704,0.0,0.0,0.0,0.0
581706,0.0,0.005836195354384685,0.05008268011311625,1.0,0.0,0.0,0.0,0.006363927702274443,0.05083881665799063,0.1220144593618053,0.0025716502479939908,0.0,0.010335097179577713,0.0271804541171409,0.026180112666307712,0.0,0.0026398645153991158,0.0048404960417018,0.00264527309018593,0.0,0.0,0.0023471586436046334,0.002483417048598204,0.010393587865915195,0.0,0.0,0.023167173254731874,0.033918939099033554,0.0,0.0,0.06231049932193764,0.029230413420405485,0.0,0.0,0.0,0.0,0.0,0.0,0.0,0.06547119474204163,0.009915578398574577,0.012371226453997707,0.0159522672151775,0.00246273066218502,0.01691326498611353,0.0,0.01910133305743217,0.05259766828286358,0.0532820356798518,0.002518121848784129,0.0027946581142545804,0.005565719552594443,0.033631067986144604,0.0,0.0020843519599213554,0.002405326337032162,0.0024736315416061016,0.002637699664284625,0.0,0.0026723620665865104,0.0,0.00992373930912032,0.02032325067016721,0.0,0.0024253304580648056,0.002347907182593826,0.0018977115843379691,0.0026739404673803836,0.0027740801429770217,0.10424891976039422,0.0025227377095443375,0.0027424974466599425,0.002450084816729396,0.0,0.019663392703344985,0.029908581615593687,0.0,0.0,0.0,0.0022818117170949536,0.021572135458391054,0.03506197035858776,0.0,0.002907393128930679,0.03430117606209308,0.0,0.0,0.08582636485393677,0.037820701508387164,0.0,0.024061588149336375,0.025747629250608833,0.016911868804105227,0.0,0.022084683976003182,0.0,0.0,0.0,0.0028308934997673028,0.026494579920905762,0.020502306011121123,0.0,0.0,0.0
357735,0.0035053949866641386,0.010049492447110023,0.0,0.0,1.0000000000000002,0.029182532283113016,0.0,0.0019745270220681028,0.0026978018820429392,0.0,0.0,0.0024080674076086576,0.0,0.0,0.0,0.0,0.005862330919876416,0.14309045608033016,0.0,0.0423520912808099,0.0,0.0067969801306968095,0.0,0.006562500486272434,0.0024269977160742014,0.0018512239771221203,0.027214580715622126,0.0,0.002618629464238774,0.0,0.0,0.0,0.0,0.001297840339637357,0.0,0.005072254967137358,0.03131439951654432,0.014394050035763654,0.12741846262787798,0.0018663866250735858,0.0,0.003612979140357115,0.0023841568945536123,0.0,0.02200018795881114,0.0023224868963200723,0.0,0.17498750786881792,0.0718173599700242,0.0,0.0,0.0,0.02796040705208345,0.0,0.0,0.0,0.07939133642444943,0.0,0.0,0.002967249016127327,0.0,0.002521750206151044,0.0,0.0,0.0,0.0026069915318057,0.02030238488023801,0.002532484813304,0.0,0.0,0.0,0.0,0.022358073864317013,0.005068708542125414,0.0,0.0021985242763768705,0.0,0.05083404864412789,0.0,0.0,0.0,0.011587459282681178,0.0,0.0,0.06459343559239894,0.0,0.059671955631542276,0.0,0.0,0.0,0.0,0.0,0.0,0.002384367143045978,0.10036369381165297,0.10828938330988497,0.0,0.04880546407840641,0.02413021305197091,0.0,0.0,0.0,0.0,0.0
377614,0.010752345471233408,0.014147303108036854,0.0,0.0,0.029182532283113016,1.0000000000000002,0.0,0.04515223609351198,0.004368726096070988,0.006627754436536947,0.005043431005730014,0.34440076844387885,0.02124457045856103,0.0,0.0,0.012884282728677983,0.0,0.0026235516738697877,0.0,0.014964129137242672,0.0,0.0,0.0,0.0,0.013067825419260328,0.009737656262018859,0.0025113242794808414,0.0,0.0,0.0,0.0,0.010533987768195127,0.0,0.004402043718260206,0.005417579214882345,0.0025189767807643954,0.005156649331125046,0.002012569736014774,0.0017588193907982675,0.07783358531114785,0.021773550660366583,0.0,0.019255732626243596,0.0,0.0,0.03738870960197072,0.0,0.0,0.0,0.0,0.0,0.0,0.007246703093526731,0.009294461340374992,0.0,0.008694852838486132,0.0,0.0,0.0,0.009660142385831988,0.0,0.09472063610299489,0.11691270941855805,0.0,0.0,0.008487292188496472,0.0,0.035028352998526094,0.0,0.0,0.027357826000839598,0.0,0.0,0.0025172155597063674,0.0,0.07459437776456763,0.0,0.02576424027157989,0.0,0.10570439449547589,0.0,0.0,0.0,0.026893644730462504,0.003098542900635173,0.027386292625019102,0.00272488172444048,0.0,0.0,0.0,0.0,0.0,0.022534326803606224,0.0038611608323703417,0.0,0.002577957080821815,0.0,0.0017615544577206704,0.0,0.0,0.0,0.0,0.0,0.0
479705,0.005968378257933537,0.027493477167911284,0.0,0.0,0.0,0.0,0.9999999999999999,0.007591389096577729,0.0,0.0,0.016703776255270548,0.020627006006789753,0.0,0.0,0.0,0.0,0.023885579243141573,0.0,0.0,0.0,0.0,0.0,0.022470037519744843,0.02778844105168905,0.0041322705303622,0.014192918681972784,0.0,0.0,0.0,0.013125524244194895,0.0,0.0,0.0,0.021702694580766242,0.0,0.0,0.008947758273144358,0.0,0.0,0.0,0.01679408427515055,0.02859813017940568,0.0,0.0,0.0,0.023741314263270388,0.053675854529138485,0.005297411674959239,0.0,0.01708803575301837,0.0,0.0,0.02959087906926669,0.0,0.0,0.008185304340368883,0.06339615219270639,0.010178549838879811,0.006837195815210817,0.0,0.01566669170212399,0.0,0.02057524616101564,0.02182515872514953,0.0,0.0,0.0,0.005159199260240709,0.0,0.0,0.0,0.0,0.0,0.0,0.0,0.0,0.0038663032872054393,0.0,0.14416333780040824,0.08443351302578855,0.005138105206531404,0.0,0.0062173415888701605,0.016878389320650153,0.053922041434382895,0.003580660110769617,0.026670172830261227,0.0,0.02831851556831017,0.0,0.0,0.009894773749378107,0.014101019303215388,0.033042456625062236,0.0,0.014879246329252404,0.0,0.0,0.0,0.04162479523967851,0.0391306812905719,0.0,0.0,0.0
997549,0.01893069556217849,0.006504682673980679,0.0,0.006363927702274443,0.0019745270220681028,0.04515223609351198,0.007591389096577729,0.9999999999999999,0.004163944019092467,0.013012158625736887,0.020227584699655958,0.0026994177152616945,0.0067495802478645716,0.009316203145443737,0.0,0.01294599569606654,0.0,0.0025005738654604415,0.09517219166905967,0.0023160753098604324,0.0,0.0,0.0,0.0,0.0,0.004477204134882139,0.0023936070798648737,0.005904831237688952,0.0,0.0,0.0,0.0,0.014808541814382806,0.0041956998926799514,0.008436071245368947,0.0024009008735818593,0.008839794010790266,0.001918231432000733,0.0016763755204440036,0.031614609179346616,0.004425142466102318,0.0,0.0,0.0,0.0,0.013240727694083507,0.0,0.0272886414137581,0.0,0.015099586259963129,0.0,0.028467284723170127,0.015389299443237019,0.0029529292107789264,0.0,0.006352844684642866,0.014769499800064447,0.0674559207015727,0.002999079505003254,0.012459924297830464,0.0,0.009370902452343241,0.0,0.0,0.0,0.002696484724182615,0.0,0.007858260983957407,0.0,0.0,0.016881119575558476,0.0,0.0,0.0023992222089712603,0.0,0.0022739955441622452,0.0,0.008185517686859897,0.004181561360788195,0.0,0.004775324781261743,0.0,0.0,0.015947905212571896,0.011839257996487027,0.008700857479073192,0.006504342925710801,0.0,0.0,0.0,0.0,0.009449109506310893,0.007159346779414614,0.003680170649554343,0.016174641811659864,0.0024571164985186674,0.0,0.0016789823823307216,0.0,0.0,0.0,0.0,0.0,0.0
997756,0.0,0.03856310088546054,0.0,0.05083881665799063,0.0026978018820429392,0.004368726096070988,0.0,0.004163944019092467,1.0,0.11504345025068015,0.012116691672464977,0.0,0.0,0.0,0.04747822356170552,0.0,0.0,0.003416541179244439,0.0,0.0031644602783659197,0.0,0.0,0.0,0.0,0.0,0.0,0.013081568624302245,0.0,0.0,0.0,0.0,0.0,0.0,0.0027369260889170636,0.006830070364355981,0.003280357687160726,0.02343401435950687,0.0026208850573365364,0.0022904366379993555,0.0,0.0,0.0,0.0,0.0,0.0,0.0,0.0,0.0,0.0,0.0,0.0,0.0,0.004505564238954914,0.0,0.0,0.0,0.0,0.0,0.0,0.0,0.0,0.0,0.0,0.0,0.04840811607995893,0.015221804472765811,0.0,0.0,0.0,0.06516027155794944,0.014354729916065477,0.0,0.02085618178567557,0.0032780641229323416,0.0,0.0,0.0,0.0,0.02795663864579365,0.0,0.0,0.007422709510432564,0.0,0.0,0.0,0.0,0.026122267800882868,0.09008823277311122,0.0,0.0,0.0,0.0,0.0,0.05583894978282634,0.0,0.003357165255281974,0.0,0.002293998400804125,0.0,0.0,0.1037462503423862,0.0,0.0,0.0
997754,0.0,0.0,0.0,0.1220144593618053,0.0,0.006627754436536947,0.0,0.013012158625736887,0.11504345025068015,1.0000000000000002,0.0243240311476868,0.0,0.015175778949044733,0.0,0.0,0.042978018084601215,0.0,0.06422944009775143,0.0,0.013220096077529775,0.024380120458157746,0.0,0.0,0.0,0.0,0.0,0.0,0.055735229606864486,0.05070362792166606,0.06369731523343682,0.0,0.0,0.035478475082082066,0.0,0.028006005181711237,0.0,0.0,0.0,0.0,0.019944474895999247,0.0,0.0,0.0,0.0,0.0,0.015305218699645524,0.010711557281955185,0.0,0.02610419178954669,0.0,0.008811119250669179,0.0,0.028159416316315716,0.006639375977363336,0.0,0.0,0.035543458392961164,0.0,0.0,0.03117555662764167,0.02029615205062846,0.008067806210045901,0.0,0.0,0.0,0.0,0.007379515884740582,0.0,0.0,0.1343446985763382,0.0,0.0,0.0,0.0,0.0,0.0,0.0,0.0,0.0,0.0,0.015853086902482827,0.0,0.0,0.0,0.08264875396868415,0.0,0.0,0.12479222923871044,0.0,0.0,0.0,0.01696031700584654,0.0,0.0,0.0,0.0,0.0,0.0,0.0,0.0,0.0,0.0,0.007686847849009999,0.0
254971,0.007274393548322248,0.0,0.0027986374370198496,0.0025716502479939908,0.0,0.005043431005730014,0.016703776255270548,0.020227584699655958,0.012116691672464977,0.0243240311476868,0.9999999999999999,0.007318449097849173,0.0,0.008118456275991382,0.002762215124990268,0.0,0.0024892579313008333,0.0,0.045160864159373926,0.0,0.01686519067349378,0.002213251186010505,0.002341735929586584,0.0,0.0,0.0,0.0,0.0,0.015492073471234213,0.0,0.0,0.002200787202373121,0.0,0.0031596162345013733,0.0,0.0,0.0056659030708592914,0.0,0.0,0.0,0.009626258905578396,0.0,0.0070524551643871445,0.007996832223653641,0.03739073842070662,0.0,0.027141909889619273,0.0,0.0,0.10704129666171087,0.10065753636195364,0.010938965853014375,0.005201402395423676,0.0,0.0019654378539469223,0.002268100361551644,0.0023325086943440936,0.02592091308720984,0.0,0.23361968185387208,0.0,0.0,0.014378423179611955,0.006488679797561061,0.002286963229948389,0.06403948421905699,0.10083159510247185,0.0,0.009007827700766136,0.0,0.002378813312366342,0.0,0.01564134230717661,0.0,0.0,0.0,0.005192911851904845,0.0,0.022606952124483187,0.0021516323589262066,0.0,0.028167340962170943,0.0,0.0,0.025655423260517243,0.0,0.007041200065091288,0.0,0.11513266720196177,0.0,0.0,0.0,0.0,0.004242476385811512,0.0021787132921755738,0.0,0.0,0.0,0.0,0.03819574372798331,0.0,0.0,0.005317453409394897,0.0
352141,0.01796864855035579,0.01838464302484167,0.0,0.0,0.0024080674076086576,0.34440076844387885,0.020627006006789753,0.0026994177152616945,0.0,0.0,0.007318449097849173,1.0000000000000004,0.011633497414299693,0.0,0.0,0.0,0.012777659083129696,0.003049616621314387,0.0,0.002824608326403378,0.04287747902120038,0.015088541216123998,0.04598846857231421,0.0,0.050553815303600654,0.010123390043103302,0.002919163491420242,0.0,0.0,0.010668932885980656,0.0,0.0,0.06239622866699748,0.0017743050184893853,0.0,0.0029280587593661306,0.005634261143104538,0.015561131109815569,0.002044451764183034,0.1051274620978433,0.015323744862303238,0.02107244971592246,0.0,0.06460194063863174,0.0,0.07474662721922667,0.04627357650302495,0.05749074861681492,0.0,0.02347352771778435,0.005988419836440686,0.0,0.0029208845911754757,0.13300610286307632,0.0,0.0,0.0,0.005445044412694968,0.0,0.0,0.009902205593660196,0.018394676408638917,0.02394958123214984,0.04964041062546464,0.008427314483717809,0.010062235430266018,0.004066434329668972,0.016995997419555552,0.0,0.0,0.028530028245539373,0.005012636429506655,0.00652213033529174,0.002926011515903817,0.0,0.0,0.005493701172815094,0.0,0.02950357964268409,0.0,0.0,0.0,0.0,0.0,0.021610478708874954,0.016170127041589495,0.012669610712431395,0.0,0.01514907107710469,0.0,0.0,0.0,0.007543380696235492,0.05265205040966731,0.0,0.0690599241837755,0.0,0.0020476310061358577,0.0,0.022267303529195783,0.012579541473310191,0.0,0.005625456557839845,0.0
254769,0.040498956447043544,0.009193732612996709,0.0,0.010335097179577713,0.0,0.02124457045856103,0.0,0.0067495802478645716,0.0,0.015175778949044733,0.0,0.011633497414299693,1.0,0.0,0.0,0.0,0.0,0.0,0.0,0.0,0.0,0.0,0.0,0.03359640704809832,0.0,0.006328090044201885,0.0,0.30886918970657484,0.13374385278309162,0.0,0.0,0.0,0.0,0.0,0.0,0.03104099889419673,0.0,0.0,0.0,0.0,0.07476220684520143,0.012330982487507369,0.008137051383945906,0.03419916221659064,0.054670720286039025,0.015878042190486247,0.010438686967035059,0.0,0.0,0.0,0.0,0.02689933119269341,0.0,0.1409129306659797,0.0,0.007277636252819658,0.0,0.008526144458984227,0.0,0.00808558853616793,0.0,0.0172403367401456,0.0,0.0,0.0,0.007103906928231508,0.06588230222412525,0.029345930629043983,0.0,0.008831017754661986,0.05793110126413359,0.07383464474850972,0.00791969509154268,0.016789390020858667,0.0,0.013494349558467272,0.0,0.021564800751642427,0.0,0.0,0.018870937313641256,0.0,0.0,0.042512384892632385,0.0,0.02292246685946996,0.0,0.009157084110652488,0.009488493289176786,0.0,0.07777707949531269,0.011018842260777076,0.026735901793906298,0.0,0.0,0.10017020547374081,0.06823429272528603,0.0,0.009150627440202364,0.0,0.0,0.0,0.0,0.0
480500,0.0,0.012282877331310364,0.009369575847448955,0.0271804541171409,0.0,0.0,0.0,0.009316203145443737,0.0,0.0,0.008118456275991382,0.0,0.0,1.0,0.009247637360317154,0.017158154875499054,0.008333802257724038,0.010187325045288,0.047134353524703215,0.00974825971775719,0.010949960910623252,0.021501917006515138,0.007839912421925579,0.0,0.0,0.0,0.04875771455924597,0.0,0.0,0.0,0.0,0.06397444096571273,0.047803855110239525,0.0,0.012578471977969184,0.0,0.0,0.0,0.0,0.0,0.009358753841311643,0.00900395591939413,0.012891731155724737,0.06193532424303862,0.0,0.0,0.033404178093519074,0.0,0.0,0.007949472189275835,0.008822470989053935,0.0,0.0,0.0,0.006580101731795842,0.007593387441359308,0.007809020503121394,0.03298663313724201,0.11823315733598566,0.008436393949030993,0.0,0.0,0.007178809907201028,0.01263859831537717,0.007656538556900714,0.007412120608874738,0.005990895742493727,0.0,0.017085189892101692,0.0,0.007964044024534945,0.0,0.0,0.0,0.06922844867397755,0.0,0.028303106502842647,0.032291525453797015,0.0,0.016732704892465266,0.0,0.0476597034997419,0.0,0.010356635767092438,0.07219037614528047,0.0,0.0,0.08604239421216711,0.0,0.013175750787254721,0.0,0.04701426152232347,0.0,0.0,0.007294127910552734,0.0,0.01029816333498265,0.0,0.0,0.032721328702825854,0.03973100388347333,0.010296510895563165,0.05869132687385332,0.0
255033,0.0,0.0,0.03956505355402654,0.026180112666307712,0.0,0.0,0.0,0.0,0.04747822356170552,0.0,0.002762215124990268,0.0,0.0,0.009247637360317154,1.0,0.016505982888634953,0.25130818317014647,0.0,0.07388853315224497,0.0,0.0,0.002521088204421922,0.021249817235534988,0.0,0.02453315819880904,0.0,0.0,0.0,0.0,0.0,0.0,0.04106195850566878,0.0,0.0,0.0,0.0,0.0,0.0,0.0,0.0,0.0031842126794450237,0.019941010414961314,0.0,0.0026452243609608674,0.16298805004154768,0.0,0.023483821361362595,0.0,0.0,0.0027047201549688458,0.003001748359207212,0.0,0.07825186037609795,0.0,0.01783514300502172,0.002583566250453511,0.0026569330192576534,0.013788028296067888,0.0,0.002870389908399689,0.0,0.0,0.002442510821144898,0.0,0.0026050527203658196,0.0025218922117783674,0.0020383361404671977,0.0,0.013358287635258082,0.0,0.0027096780610513863,0.0,0.0,0.0,0.0,0.0796564188247984,0.0,0.043678680838509246,0.0,0.0024508989285211787,0.0,0.002802303245213472,0.1445769271562418,0.0,0.0,0.0,0.0,0.0,0.0,0.0,0.0,0.13140047209204772,0.0,0.0,0.0718073960029885,0.0,0.0,0.0,0.0,0.0024706633399480264,0.0,0.0,0.0,0.0
27071,0.0,0.0,0.0,0.0,0.0,0.012884282728677983,0.0,0.01294599569606654,0.0,0.042978018084601215,0.0,0.0,0.0,0.017158154875499054,0.016505982888634953,1.0000000000000004,0.0,0.0,0.0,0.0,0.009370976224953361,0.0,0.0,0.0,0.013712895605622104,0.0,0.0,0.0,0.05315541316696849,0.0,0.0,0.01105397952158564,0.12155954674486016,0.015721379785638166,0.04431326745239255,0.0,0.0,0.0,0.0,0.0,0.0,0.0,0.0,0.0,0.0,0.015227396246235604,0.0,0.00878970202277058,0.0,0.0,0.0,0.0,0.04841801798739561,0.0,0.0,0.09054068068743076,0.015518634630346797,0.0,0.02544281427977321,0.031017038258790187,0.0,0.0,0.06406680369923126,0.010816112066229639,0.0,0.0,0.0,0.010802319507391968,0.0,0.0,0.0,0.0,0.0,0.0,0.09978896154908388,0.011156930358453249,0.0,0.010653094107444614,0.0,0.005403543788310102,0.015772478703339584,0.0,0.03599300374864568,0.0,0.0,0.0,0.0,0.0,0.0,0.018245100368322623,0.0,0.016874078873226093,0.0,0.0,0.0,0.0,0.00881316787890853,0.0,0.0,0.0,0.061752673732354456,0.20606898115924052,0.0683310861318125,0.0
273828,0.00930014291746633,0.07145938044023403,0.011068480791817142,0.0026398645153991158,0.005862330919876416,0.0,0.023885579243141573,0.0,0.0,0.0,0.0024892579313008333,0.012777659083129696,0.0,0.008333802257724038,0.25130818317014647,0.0,0.9999999999999996,0.0,0.13950825012704604,0.0,0.0,0.02447899997495893,0.04905850436878394,0.017410931621248304,0.006439053432130977,0.029468828976434627,0.06976926949851328,0.0,0.006947470501315654,0.0,0.0,0.0022591641480100956,0.0,0.0,0.0,0.03340895812965246,0.0,0.0,0.0,0.0,0.016792841689165554,0.0823885401231638,0.006325392699357949,0.0023838279868282227,0.3176659237132136,0.04929421110463632,0.0,0.0,0.0,0.03791741973303911,0.0027051209166600093,0.0,0.0,0.07298027663409713,0.0020175720442171087,0.0023282628213127377,0.0023943796163035944,0.029776644699629852,0.0,0.010459134068209383,0.0,0.0,0.0449216341001665,0.04531568765146856,0.025294269896924793,0.009189277272532197,0.0018369113826110768,0.017430992198496312,0.0026852022367179367,0.08819177445070832,0.0024419124867284883,0.011066261038807496,0.014092286631133523,0.0,0.0,0.005832891886823247,0.045661076071481156,0.0,0.05262753046774629,0.008509605824892711,0.08999973214050777,0.033268005001027105,0.0,0.05085521610957519,0.06989704024916597,0.0,0.08314617618101915,0.008147046856041062,0.0933678585674105,0.0,0.0,0.2368314215446605,0.02927801783065655,0.018493496033741133,0.0882357843697768,0.0,0.0,0.0,0.06401972698255091,0.08865229004942324,0.04882479810953472,0.0185927101175971,0.0,0.013756079212329936
255024,0.0,0.03737022675587902,0.006267549561371239,0.0048404960417018,0.14309045608033016,0.0026235516738697877,0.0,0.0025005738654604415,0.003416541179244439,0.06422944009775143,0.0,0.003049616621314387,0.0,0.010187325045288,0.0,0.0,0.0,1.0,0.0,0.07878846875577016,0.0,0.0,0.0,0.0,0.0,0.015594453999843305,0.03891233411105272,0.0,0.004980291382725308,0.06502893010331204,0.05666513819750637,0.024854628073996077,0.0,0.0016436065946761928,0.0,0.006423588063378817,0.06109762118414529,0.01386331307945653,0.08841799959991231,0.08251497691846754,0.0,0.018813876227728274,0.0,0.0,0.018279087931429457,0.002941236038253621,0.014667038557995038,0.0754165881792099,0.0,0.016210432837856066,0.0,0.0,0.018244710424742298,0.0,0.0,0.0,0.0,0.0,0.0,0.0,0.0,0.003193586408412945,0.0,0.0,0.0,0.0,0.0,0.014682703321909208,0.0,0.0,0.005327353281024514,0.0,0.0,0.006419096811751683,0.0941677374698856,0.0,0.0,0.0,0.0,0.014455744358705008,0.019934487555057615,0.004630583940870919,0.0,0.0,0.09450951701848298,0.0,0.0029340862340373522,0.053675268777500895,0.0,0.0,0.0,0.020642926300808044,0.01316423898183862,0.003019602212036836,0.0,0.01963054083607191,0.0,0.042702734973909626,0.0,0.0,0.0,0.0,0.0,0.0
373011,0.07620785810284118,0.0,0.002878758613116362,0.00264527309018593,0.0,0.0,0.0,0.09517219166905967,0.0,0.0,0.045160864159373926,0.0,0.0,0.047134353524703215,0.07388853315224497,0.0,0.13950825012704604,0.0,1.0,0.0,0.0,0.002276613551451093,0.002408776638148579,0.0,0.0,0.0,0.02928095296610491,0.0,0.0,0.0,0.0,0.00226379274094694,0.0,0.0,0.0,0.0,0.0,0.0,0.0,0.0,0.009901845580265974,0.10804375934336957,0.0,0.008225770632870338,0.28598774675419225,0.0,0.0,0.0,0.0,0.03825250510796245,0.029205778622822805,0.06751280123262544,0.0,0.0,0.002021705661387717,0.0023330329841445697,0.0023992852397351225,0.22078789895215528,0.0,0.0025920428138727484,0.0,0.0,0.0022056559644486745,0.0,0.002352435870758933,0.002277339592705794,0.0018406748608243138,0.0,0.026101187980017253,0.0,0.002446915495871679,0.0,0.0,0.04259850545764522,0.0,0.0,0.026087993613454295,0.0,0.0,0.029909180312238187,0.0,0.0025305586421523973,0.0,0.0,0.0,0.0,0.0,0.0,0.13856323377660099,0.0,0.0,0.059329160897093794,0.0,0.0,0.01402731909984029,0.0,0.0,0.0,0.0,0.002231078480686808,0.0,0.0,0.0,0.04346452136335487
404424,0.0,0.059428655015339664,0.01201256904723632,0.0,0.0423520912808099,0.014964129137242672,0.0,0.0023160753098604324,0.0031644602783659197,0.013220096077529775,0.0,0.002824608326403378,0.0,0.00974825971775719,0.0,0.0,0.0,0.07878846875577016,0.0,0.9999999999999999,0.0,0.0,0.0,0.026430341516122335,0.0,0.014443856419790577,0.02125791195249833,0.0,0.004612833104738866,0.0,0.0,0.0,0.0,0.0015223372145227016,0.0,0.005949639768616237,0.03673107876103418,0.01688389347126293,0.12076434802892667,0.01917212372034542,0.0,0.008712870836508575,0.0,0.0,0.0,0.0027242243321680803,0.0,0.0,0.0,0.0,0.0,0.0,0.0025060918309626904,0.0,0.0,0.0,0.0,0.0,0.0,0.0,0.03630727821467081,0.018215474809361882,0.0,0.0,0.0,0.0,0.0,0.1767919006523862,0.0,0.0,0.004934287913471771,0.08368830289300665,0.0,0.3016323335529248,0.0,0.0,0.0,0.0,0.0,0.013389163606525164,0.0,0.010913265531005694,0.0,0.0,0.00309026497880844,0.0,0.0027176020582795274,0.012940492158834957,0.008504905318529911,0.0,0.0,0.01824405995019024,0.012192948706725977,0.0027968084548507014,0.0,0.006088946943444604,0.0,0.05724769986681834,0.0,0.05486038175163985,0.0,0.0,0.0,0.0
375762,0.0,0.0,0.0,0.0,0.0,0.0,0.0,0.0,0.0,0.024380120458157746,0.01686519067349378,0.04287747902120038,0.0,0.010949960910623252,0.0,0.009370976224953361,0.0,0.0,0.0,0.0,1.0000000000000002,0.0,0.03705810721320275,0.0,0.0,0.0,0.0,0.06247865218226893,0.03776902979362299,0.0,0.0,0.00687016810908752,0.1132895234642605,0.0,0.016191817526966627,0.0,0.0,0.010156378974918423,0.0,0.0,0.0,0.0,0.0,0.0,0.0,0.01158562453570806,0.04254414264193724,0.04416201777274719,0.03973555601298339,0.0,0.0,0.0,0.0035526490559402157,0.061849669526075,0.0,0.0,0.0,0.0,0.013178354442400298,0.011799514298607398,0.03089461237327891,0.0041932136205092,0.0,0.03208834707029147,0.0,0.0,0.009371000524040466,0.0,0.0,0.0,0.0,0.0,0.0,0.007117769788680705,0.04333282513578747,0.047564649770306326,0.0,0.016024010122706114,0.05511480757679305,0.0,0.0,0.0,0.0,0.0,0.0,0.0,0.017166152454356154,0.0,0.0,0.027331835948183832,0.0,0.0,0.0,0.0,0.0,0.0,0.18637648035628324,0.0,0.0,0.0,0.009916165846980789,0.004998639461458437,0.037416081225785956,0.0
377073,0.0,0.04476209388651324,0.08999696627469678,0.0023471586436046334,0.0067969801306968095,0.0,0.0,0.0,0.0,0.0,0.002213251186010505,0.015088541216123998,0.0,0.021501917006515138,0.002521088204421922,0.0,0.02447899997495893,0.0,0.002276613551451093,0.0,0.0,1.0000000000000004,0.0021373146416221083,0.0,0.01212249295257981,0.0,0.0,0.0,0.0,0.025609485466307345,0.0,0.0020086700004458,0.0,0.0,0.0,0.0,0.014582590710194018,0.0,0.0,0.0,0.002551380747115494,0.0,0.021087239962983305,0.0021195112216978924,0.0,0.0,0.0,0.057424064383312774,0.0,0.002167182793495277,0.0665972520204617,0.0,0.0,0.016222071825576286,0.0017938654181134355,0.11484557064278014,0.015449174302083776,0.0,0.0,0.0022999272618567605,0.0,0.0,0.001957085066559211,0.0,0.007187908319679616,0.028063760794145118,0.012157978712145735,0.0,0.016009210170976368,0.019603286881705213,0.016162303914937257,0.012973702065613966,0.0,0.0,0.0,0.0,0.0,0.0,0.0,0.0019638061175124752,0.011431520063865155,0.002245372174280472,0.0,0.005215419526536751,0.0,0.0,0.0,0.011865331856176116,0.0,0.0,0.0,0.0,0.0,0.0,0.001988523027054399,0.0,0.0,0.0,0.0,0.0019796425404744354,0.0,0.0,0.006751614688131053,0.0
373076,0.0,0.05370180129971209,0.045605117399755306,0.002483417048598204,0.0,0.0,0.022470037519744843,0.0,0.0,0.0,0.002341735929586584,0.04598846857231421,0.0,0.007839912421925579,0.021249817235534988,0.0,0.04905850436878394,0.0,0.002408776638148579,0.0,0.03705810721320275,0.0021373146416221083,1.0,0.004272679507004702,0.04159717865608692,0.027722404636829654,0.0,0.0,0.0,0.0,0.0,0.029991614740980298,0.03797088813471984,0.00212001178297925,0.0,0.0034985636665767783,0.0,0.010841229894659736,0.0,0.0,0.25417957525430207,0.04313018734210146,0.0,0.12852559490034451,0.0,0.0876750899272688,0.02292811866128803,0.034985684730413746,0.023481340749307713,0.03567030279568976,0.002544806130680307,0.0,0.012665032021596771,0.042803517612803224,0.001898003773358942,0.0021902819445229105,0.0022524804304380644,0.019881314306969725,0.010541896659620622,0.044498174642424004,0.018256871005346044,0.014948615509417331,0.04225942328649299,0.04263012386663858,0.005715132777441151,0.002137996258668227,0.0017280496850236096,0.029569623898942722,0.12597326299856554,0.0,0.002297196339187701,0.0,0.0030216015841439967,0.025374525002762393,0.0,0.0,0.0,0.003435006137910037,0.049508641684765736,0.005376940240433904,0.0,0.002375721621224774,0.0,0.0,0.06575470081467037,0.0,0.034695104432967735,0.0,0.05531331256735794,0.0,0.0,0.004204019327227834,0.030547280945395147,0.01739750773968503,0.0021039617413047933,0.0,0.0,0.0,0.0034912392522224132,0.08339844989079863,0.04593127234836595,0.0,0.002858053028568798,0.0
377088,0.010410908775440222,0.0,0.01834890699776696,0.010393587865915195,0.006562500486272434,0.0,0.02778844105168905,0.0,0.0,0.0,0.0,0.0,0.03359640704809832,0.0,0.0,0.0,0.017410931621248304,0.0,0.0,0.026430341516122335,0.0,0.0,0.004272679507004702,1.0,0.007208104055713138,0.0,0.0397767350104581,0.08679410995248733,0.007777244097337398,0.0,0.0,0.00401550758138554,0.0,0.0025227212959375777,0.0,0.004163137741840126,0.0,0.0033261938299986218,0.10202817919542763,0.0,0.022595830960811747,0.030704844633931506,0.024497577390277244,0.0,0.054980125016012314,0.0,0.010497763911794756,0.0,0.0,0.0,0.0,0.027051565885424587,0.0,0.0,0.0,0.03631340305471163,0.03454494351418054,0.008574397516749755,0.0,0.008812632795573793,0.17187004409997508,0.0,0.0,0.0,0.004172742452475775,0.0077426798176038975,0.0,0.016213603163165512,0.004772760734801685,0.008880996219358896,0.0,0.03413562950513034,0.02733549358920825,0.0,0.0,0.014075504016647875,0.004493203674705909,0.004087507062627848,0.0,0.003925820742826107,0.0,0.03441437612310941,0.003716928218132321,0.04424357945728234,0.0,0.0,0.05179111236577488,0.009208907922773044,0.028442518014999037,0.0,0.07821725288526349,0.016083801672281715,0.0249615200138187,0.0,0.0,0.01729183649526222,0.0,0.0,0.08502278243315665,0.0,0.01814740928566977,0.0,0.003400958097486181,0.0
377319,0.017793946611222917,0.0,0.0,0.0,0.0024269977160742014,0.013067825419260328,0.0041322705303622,0.0,0.0,0.0,0.0,0.050553815303600654,0.0,0.0,0.02453315819880904,0.013712895605622104,0.006439053432130977,0.0,0.0,0.0,0.0,0.01212249295257981,0.04159717865608692,0.007208104055713138,1.0,0.0,0.014710558151608625,0.0,0.0028762441543544654,0.003046155783302648,0.0655284328176771,0.0,0.0,0.0,0.0,0.0,0.08157940483733331,0.0,0.0,0.0772402099585148,0.0,0.003968415644203268,0.002618704717361435,0.10380547183420395,0.0,0.0,0.0,0.08476818852696372,0.08196639236370264,0.0,0.004811238954416941,0.0,0.0,0.0,0.0,0.0,0.0,0.0,0.0,0.0032591600887799605,0.0028272425329637163,0.024017772951688762,0.0,0.06100393519614818,0.0,0.010947700623154517,0.0032670700763876683,0.0027816247925609187,0.0,0.0,0.004343105111150143,0.004027271352488572,0.0,0.0,0.0,0.002414809992972248,0.0,0.0,0.06612154128292609,0.0,0.04423923239990857,0.01272740663800656,0.002595100751327935,0.0,0.008309338222451368,0.0030778914524307865,0.01915381365496478,0.0,0.0,0.0,0.0,0.021301958084305614,0.0,0.0,0.0,0.08350547588976072,0.0,0.0,0.026504087417436418,0.0,0.0,0.0,0.0,0.0
423443,0.0,0.040018557933119744,0.015604137348146953,0.0,0.0018512239771221203,0.009737656262018859,0.014192918681972784,0.004477204134882139,0.0,0.0,0.0,0.010123390043103302,0.006328090044201885,0.0,0.0,0.0,0.029468828976434627,0.015594453999843305,0.0,0.014443856419790577,0.0,0.0,0.027722404636829654,0.0,0.0,1.0,0.0022441337943372467,0.0,0.012399287793240203,0.0,0.0,0.0,0.012185571240726691,0.001364013309003455,0.0,0.0022509721134193143,0.0,0.0017984438708109904,0.12498140292826414,0.001961548056872507,0.008273279946333947,0.02724264439464314,0.0,0.0,0.0,0.03738233222810187,0.01471612791208271,0.0,0.0,0.02108236095189069,0.0,0.0,0.002245456905610561,0.0027685280052600378,0.0,0.002589923471992449,0.0,0.012557783982408215,0.0,0.002877452899158151,0.0,0.1457730870977769,0.025384706148213348,0.026926785543191167,0.0,0.002528097675828218,0.023102612567764132,0.013732698265115476,0.0,0.0,0.021412394584376725,0.0,0.0,0.002249398276170213,0.0,0.0021319916254237095,0.0,0.0076743576753894585,0.031271515451158326,0.035990049737011164,0.0,0.0,0.0,0.008010771778280969,0.04430201160931163,0.008157516107281245,0.1502059313570312,0.02581873017164297,0.05017874434688052,0.0,0.0,0.0,0.05688402395004222,0.02150714010535796,0.0,0.0023036772481725087,0.0,0.001574135176980651,0.0,0.05135458343340817,0.02901191476992717,0.0,0.0,0.0
445067,0.021246957281480853,0.09103264335316667,0.006415252503442756,0.023167173254731874,0.027214580715622126,0.0025113242794808414,0.0,0.0023936070798648737,0.013081568624302245,0.0,0.0,0.002919163491420242,0.0,0.04875771455924597,0.0,0.0,0.06976926949851328,0.03891233411105272,0.02928095296610491,0.02125791195249833,0.0,0.0,0.0,0.0397767350104581,0.014710558151608625,0.0022441337943372467,1.0000000000000002,0.0,0.01587207962993505,0.0,0.0,0.11895712129737611,0.0,0.0015732982080115916,0.0,0.016806189880095312,0.015440899844291462,0.02700097645281207,0.011734547484625643,0.006820304865395229,0.0,0.021899048109012453,0.014450890665287002,0.0,0.0,0.0028154190931773356,0.0701981409507445,0.0,0.0,0.0,0.0,0.0,0.002589984498278382,0.0,0.0,0.0,0.0,0.0,0.0,0.01798513814535044,0.0,0.0030569746980579206,0.0,0.0,0.0,0.015801539604006164,0.0,0.015349938266293457,0.0,0.0,0.0,0.015169081441684848,0.0,0.07621376776572807,0.0,0.013325731211514844,0.06258993703603287,0.0,0.0,0.02525774061424723,0.05287164272615706,0.10367519944504922,0.0,0.0,0.15490019085907109,0.0,0.10850574103428262,0.12315922167747237,0.0,0.0,0.0,0.11765421896123433,0.0,0.011561732021503198,0.0,0.017199696533082082,0.0,0.01175279539162649,0.14625844101983942,0.0,0.07298749778605587,0.02548596432041697,0.0,0.03963812833121121
479801,0.0,0.0,0.0,0.033918939099033554,0.0,0.0,0.0,0.005904831237688952,0.0,0.055735229606864486,0.0,0.0,0.30886918970657484,0.0,0.0,0.0,0.0,0.0,0.0,0.0,0.06247865218226893,0.0,0.0,0.08679410995248733,0.0,0.0,0.0,1.0000000000000002,0.0815468742288697,0.0,0.0,0.0,0.09092027696971432,0.0,0.0,0.0,0.0,0.0,0.0,0.03348862159545342,0.05804633572522973,0.03185628297426796,0.021021537555969586,0.0,0.1505632824763511,0.0,0.054418045563287845,0.0,0.08337632542191198,0.0,0.0,0.046477855485955843,0.0,0.05905099870121966,0.0,0.0,0.01598906968602398,0.022026733947603946,0.0,0.0,0.05201271366915472,0.010491072486484773,0.0,0.0,0.0,0.0,0.018911399844292444,0.022329371332233658,0.0,0.022814354073433154,0.0,0.02290187257765191,0.020460011857263115,0.0,0.0,0.01938478157588717,0.0,0.0,0.0,0.0,0.0,0.0,0.0,0.024278872913082897,0.0,0.0,0.0,0.023656725077961408,0.024512898913423065,0.0,0.20093197406005434,0.04988034240597536,0.020343395702960346,0.0,0.018347637019384855,0.04313052392479587,0.0,0.0,0.023640044694128313,0.0,0.0,0.036181363198855315,0.01969899590777528,0.0
255035,0.004154256830288639,0.0,0.005865128775325606,0.0,0.002618629464238774,0.0,0.0,0.0,0.0,0.05070362792166606,0.015492073471234213,0.0,0.13374385278309162,0.0,0.0,0.05315541316696849,0.006947470501315654,0.004980291382725308,0.0,0.004612833104738866,0.03776902979362299,0.0,0.0,0.007777244097337398,0.0028762441543544654,0.012399287793240203,0.01587207962993505,0.0815468742288697,0.9999999999999999,0.0,0.0,0.0,0.0,0.0,0.0,0.0,0.018047346260754375,0.0,0.0,0.0,0.0,0.0489497736592886,0.0028254733350618734,0.0,0.0,0.0,0.0,0.0,0.0,0.0,0.07672706933386096,0.0,0.0,0.04112278591603253,0.0,0.0,0.0,0.0,0.0,0.003516498009299871,0.0,0.0,0.12303883206728625,0.0,0.0,0.0030895555047891483,0.0,0.0030012573114569807,0.0,0.0,0.0049852997122572604,0.0,0.0,0.0,0.0,0.024032109147193125,0.0,0.0,0.0,0.013527583847050103,0.0,0.01373234173435587,0.0,0.0,0.0,0.0,0.020666167280355315,0.0,0.0,0.03408473291131028,0.0,0.0,0.012319002203590465,0.0,0.0,0.0,0.0,0.0,0.028596806570681272,0.0,0.0,0.0,0.040703505115039174,0.0
482618,0.004399665949690005,0.0,0.0,0.0,0.0,0.0,0.013125524244194895,0.0,0.0,0.06369731523343682,0.0,0.010668932885980656,0.0,0.0,0.0,0.0,0.0,0.06502893010331204,0.0,0.0,0.0,0.025609485466307345,0.0,0.0,0.003046155783302648,0.0,0.0,0.0,0.0,1.0,0.0,0.0,0.0,0.0,0.0,0.0,0.0,0.0,0.0,0.0,0.0,0.0,0.0,0.0,0.0,0.0,0.0,0.057572603962040045,0.03662191086187321,0.0,0.0,0.0,0.021813292897344558,0.0,0.0,0.0,0.0,0.0,0.0,0.0,0.008980302750745019,0.0,0.0,0.0,0.0,0.0,0.0,0.0,0.0,0.0,0.0,0.0,0.0,0.0,0.0,0.0,0.0,0.0,0.034712144714426636,0.0,0.0037876196089032944,0.049968423749415604,0.13290444384348402,0.0,0.051201565601414825,0.002639529146100203,0.0,0.0,0.0,0.0,0.0,0.0,0.0,0.017791813241597183,0.0,0.0,0.0,0.0,0.0,0.0,0.0,0.0,0.0,0.0
559495,0.0,0.022773755241524363,0.0,0.06231049932193764,0.0,0.0,0.0,0.0,0.0,0.0,0.0,0.0,0.0,0.0,0.0,0.0,0.0,0.05666513819750637,0.0,0.0,0.0,0.0,0.0,0.0,0.0655284328176771,0.0,0.0,0.0,0.0,0.0,1.0,0.0,0.0,0.0,0.0,0.0,0.17894101445435986,0.0,0.0,0.17384041991543212,0.0,0.0,0.0,0.0,0.021624844195696213,0.0,0.0,0.06300369539570992,0.0895931024108939,0.014383160928698272,0.0,0.02711660639749407,0.0,0.0,0.0,0.0,0.0,0.0,0.045904449417969714,0.0,0.0,0.0,0.0,0.0,0.0,0.0,0.0,0.20844224147222287,0.0,0.0,0.0,0.0,0.0,0.0,0.11140395290435333,0.0452387044624778,0.06148582834404716,0.0,0.06298658485084539,0.0,0.0407393440679256,0.0,0.0,0.0,0.0,0.0,0.0,0.09297341789460584,0.11560592534978083,0.0,0.0,0.04071513437005049,0.0,0.0,0.0,0.0,0.0,0.0,0.0,0.0,0.0,0.0,0.0,0.00459271723984692
997181,0.0,0.029967272703195273,0.03152334614894109,0.029230413420405485,0.0,0.010533987768195127,0.0,0.0,0.0,0.0,0.002200787202373121,0.0,0.0,0.06397444096571273,0.04106195850566878,0.01105397952158564,0.0022591641480100956,0.024854628073996077,0.00226379274094694,0.0,0.00687016810908752,0.0020086700004458,0.029991614740980298,0.00401550758138554,0.0,0.0,0.11895712129737611,0.0,0.0,0.0,0.0,1.0,0.0,0.001992408598216559,0.010804749319198273,0.0032879856549192813,0.0,0.0026269795228256176,0.0,0.0,0.0025370125777518953,0.015887944471302033,0.0,0.002107575137193127,0.0,0.025877499397932057,0.08149817728805693,0.0,0.014712001628854925,0.0021549782452505587,0.0023916346391416646,0.0,0.007935150455015005,0.0,0.0017837632167183298,0.0020584492094913244,0.002116903978058343,0.010985573116812034,0.006604921008700552,0.02864221593376816,0.011438661822424433,0.009365907086466417,0.001946063689319815,0.0,0.005371139810233065,0.00200931059106623,0.001624038638949468,0.020530550646353868,0.006143481290631936,0.0,0.002158928443103835,0.0,0.002839731847232001,0.015898157484174596,0.0,0.0,0.0,0.0032282536441759005,0.0,0.015323109375081145,0.0,0.027962812448031744,0.0,0.0,0.17612719154796536,0.0,0.0,0.14298458544610923,0.0,0.0,0.0,0.11865449437676921,0.0028235461964325006,0.0,0.0019773246060941266,0.0,0.0,0.0,0.003281102095943949,0.001968494130213412,0.0,0.0,0.002686027254186768,0.0
