pid,183186,19064,254470,254316,481657,254422,254248,254252,355562,254399,254428,254464,254254,402417,349622,254420,322401,797368,254396,254418,324137,254451,254477,314409,254497,254228,251810,254345,254192,314425,359087,314468,254426,314356,254250,254288,22794,254383,216401,254311,254482,322395,344800,254347,254448,254283,371533,358811,254367,342665,359430,267430,359088,254294,315163,254445,322465,254376,254364,372945,379219,379278,373309,366715,479599,480375,254349,367266,254499,366303,254243,373504,371817,373460,368014,372997,377535,479941,466993,479556,368425,373261,373308,415412,375293,466859,481315,466860,382567,254475,254408,254453,254195,367331,345572,254321,322438,369755,254356,254410,596486,856636,439598,829222,789712,402328,998188,1269515,436680,1293414,1206667,997920,420674,254650,231062,245562,254646,254619,349614,1416117,254834,254841,254634,352958,254639,254657,254643,254490,369970,254299,254629,254837,254496,373505,382760,449523,379277,367280,480416,1136052,382988,372925,998259,834692,451824,998075,1085882,864287,560918,865755,421692,865107,1074820,548608,869942,588027,839144,970815,1218904,709390,991950,858586,996507,416912,773747,744415
183186,1.0000000000000002,0.08907940152023354,0.02023809007373315,0.0,0.016966200921986467,0.0167366102072699,0.06268616574199144,0.006385375564981107,0.04060783043944005,0.06355891064863403,0.01503710459084215,0.0,0.03196406371105594,0.06380080190266822,0.043080400105068514,0.02555097275590096,0.04772541573125713,0.0434261313134464,0.0,0.0,0.0,0.02394489449139711,0.0,0.023645008559062455,0.009066861469330173,0.003414780374879616,0.033802314334399244,0.0,0.0028117554162393954,0.011607427791052971,0.0,0.013628782458290002,0.02689643280744105,0.030516115502759098,0.01812940041868372,0.0,0.002754161179982411,0.024536548351316752,0.04657157649511209,0.0,0.049373647194003764,0.0,0.004961692970646208,0.0,0.0,0.025964846329923904,0.016590118474065618,0.06254406662501133,0.004331864512109142,0.0,0.0,0.2092048722085607,0.05169877358045138,0.0,0.0,0.007848981959725452,0.0,0.003880650235286981,0.0,0.04166552264540504,0.024818174893069117,0.04850204754791149,0.050596246535889976,0.02429377192493593,0.0,0.0,0.020950062795541673,0.0,0.0,0.0,0.0,0.016049333063529164,0.025584465751460474,0.017089328279105292,0.05654817456230304,0.0336798833755114,0.07082335017099906,0.04878470136757558,0.0,0.07721309280434469,0.04070685968827362,0.03711696672302469,0.038402240563165393,0.030170942909512728,0.031860227375753176,0.01094911110618206,0.02591701735515607,0.009296396018599596,0.0,0.0,0.0,0.021324840292519097,0.07682900335505476,0.014927097206059592,0.0,0.020529615385122362,0.011391053240850048,0.0,0.0,0.0,0.007542615237032707,0.0,0.02640989726316222,0.008831396131351539,0.024953170027423165,0.02127092851206771,0.001655119660604239,0.0021565706979468297,0.0,0.0,0.011127774000413352,0.0027219371096337654,0.006740936748365665,0.014871402864762533,0.061480898695336364,0.0,0.017178885637241383,0.0,0.015411179336076237,0.013887813887169007,0.02128974469053912,0.03895505865740853,0.0034121431443609918,0.0,0.0,0.026989665723003785,0.06534609970565959,0.017865670926494607,0.018482435517884765,0.0,0.0025911647690910495,0.034307979026934395,0.0,0.01871717581506965,0.04891050183239069,0.0,0.051263280174394826,0.01949632796098301,0.0,0.006580760767927522,0.0,0.2449855005569361,0.06660070496604613,0.003420730139195995,0.02923453271496427,0.0,0.0,0.07618389939902002,0.04983413421908271,0.03848049587943566,0.0,0.006070122702287354,0.0,0.0,0.0,0.0,0.0,0.024338153772933566,0.009097259072946697,0.0,0.05342604092087493,0.0,0.0,0.06967604901659587,0.0,0.01800146124465484
19064,0.08907940152023354,1.0,0.0,0.0,0.0,0.0047019550016321856,0.043537928090296295,0.0,0.029811519576817422,0.05820988930373853,0.0,0.0047205967957886195,0.015284848693171805,0.047763055029187304,0.03678345962274135,0.0037654742399954168,0.019367570651695146,0.0,0.0,0.010136865396748176,0.0580094226153582,0.0,0.04908324089536343,0.004732481463560395,0.0,0.0,0.08981394723483577,0.0,0.0,0.0,0.007782777596234366,0.0,0.026526427261433255,0.045487964169183326,0.032386976961625895,0.0,0.0,0.0036159774282545657,0.0,0.0,0.0634623776333984,0.003478172665176147,0.0,0.08651766368398704,0.0,0.02169303129927354,0.0,0.0,0.0609661216910742,0.0,0.006561861152291715,0.06861162666956916,0.06797013459547903,0.0,0.0,0.05469167638691032,0.0,0.0,0.0,0.0,0.0,0.02353217202512045,0.0037312398470649177,0.014401045607373479,0.0035881802532437257,0.021382599996225427,0.0,0.0,0.0,0.022813516805423917,0.0,0.1279338203348944,0.0,0.0,0.06871956057171474,0.0,0.09587472547944026,0.0,0.00733590717180634,0.0,0.03400964404303655,0.0,0.05795588922836153,0.01966168316971528,0.0,0.0,0.0,0.0,0.053638545428895665,0.0,0.0,0.03970646223281347,0.18422099491136196,0.0,0.0,0.0,0.0,0.0,0.0,0.0,0.07253368997500033,0.0,0.022064861107231354,0.0,0.0,0.0,0.0,0.0116661342243314,0.0,0.0,0.0,0.07945341052674337,0.0,0.0,0.05385543012842967,0.0,0.0891485011412033,0.0,0.0,0.0,0.0072644608765260864,0.0650921092297238,0.0,0.02561887596290616,0.0,0.0028808906241048126,0.07564110693899403,0.0435557925804806,0.030883298678660367,0.0,0.0,0.025478690290687663,0.0,0.0033450928699806336,0.032745448414485345,0.0,0.05546973079613968,0.0,0.0,0.010996148214993229,0.0,0.0,0.0,0.0,0.048849557986751606,0.0,0.0,0.033815489715331715,0.0,0.018257538187753934,0.003401723099336817,0.0,0.0,0.0,0.0037504906852448452,0.0,0.0,0.02033396712054901,0.0,0.023063232802246342,0.0,0.0,0.002678590575276653,0.07136870739695723,0.0,0.032879170745302735
254470,0.02023809007373315,0.0,1.0000000000000002,0.0,0.0,0.02868890451036387,0.023695967839172848,0.008573087229015936,0.0,0.011055419971504613,0.002516818520824922,0.0,0.006686020315384986,0.0,0.0,0.008576266031393442,0.0,0.01551420363629726,0.0,0.0,0.0,0.020376944507849607,0.0,0.002855680332800615,0.014854613443782336,0.017993648128006207,0.0,0.0,0.02648191071969208,0.004893109897547185,0.005449444955680667,0.0,0.0,0.0674552604866012,0.024340765804210525,0.0,0.04600583631879682,0.008235771223404464,0.010090754937953951,0.011069432630528278,0.0,0.0,0.0,0.0,0.0,0.0,0.002285605581408092,0.017175504986853725,0.0,0.0,0.0,0.0,0.01479737960941411,0.009914264720570963,0.0,0.0,0.0,0.0,0.0,0.016222784704362964,0.0185332270026849,0.0,0.0,0.0019924294536391206,0.0,0.0,0.055198581417391285,0.0,0.0,0.0,0.0,0.0,0.002297711386113748,0.019608722078225727,0.0,0.02259461413605379,0.020860230521253798,0.010204741676944119,0.0,0.018343319833797857,0.0,0.0,0.00583450643356235,0.04050789537947527,0.009005270457796337,0.014700417170178417,0.0,0.01248146067085196,0.0,0.007141451185428962,0.0,0.0,0.0,0.0,0.0,0.030221754368099034,0.0,0.0,0.0,0.0,0.0,0.0,0.0,0.0,0.007496188373116053,0.005678591313423212,0.0011110924549714702,0.0014477197559398882,0.0,0.0,0.0018624986965144101,0.0018272538580786542,0.0045252341198186745,0.02097081260846828,0.06875874763687714,0.005175526356360066,0.0,0.0,0.0021231842052050667,0.0,0.03792175893989432,0.0,0.0075203129526561045,0.013297393599789058,0.0,0.0,0.040719656986406956,0.0018421174284770391,0.0,0.0,0.0017394655462396622,0.0,0.0,0.005079201985229217,0.00885646451557852,0.0,0.0033463383226441084,0.008143169944576043,0.0,0.0,0.0,0.0015579399320286111,0.04934462956584087,0.0,0.012196565020158551,0.0,0.0,0.0,0.0012323035060515049,0.010442291774920051,0.0,0.0,0.0,0.0,0.0,0.0,0.0,0.0,0.0,0.0,0.0,0.0,0.0,0.005746678566286192,0.0,0.0
254316,0.0,0.0,0.0,1.0,0.0,0.0425091809671839,0.035459610886522844,0.03347278259024927,0.008976560684653846,0.09493788191288677,0.0,0.0,0.058703405113589804,0.0,0.009683281498342067,0.0,0.0,0.0,0.011006140651951891,0.019135372757256897,0.0,0.009455092636013221,0.007880770691900681,0.02740041531722949,0.008645853225975286,0.02840373108919431,0.0,0.007027708471948752,0.011917074315649782,0.0,0.00797797567198704,0.0,0.0,0.0,0.08236088774008589,0.0,0.0,0.0,0.0,0.007872243773358939,0.007643674554068956,0.0,0.10984313069441447,0.0,0.008094644672824317,0.0074375685329970045,0.07528994749044418,0.0,0.0,0.006722702558441796,0.006726437700245919,0.0,0.0,0.0,0.025168397017200157,0.0,0.0,0.018922868357465036,0.008301632384946384,0.0,0.047938805001357804,0.07526559067750735,0.057254446571793495,0.0,0.0,0.008895592135097033,0.0,0.0,0.017318038176137463,0.09689648076618297,0.02095816417998006,0.08357308308544537,0.0,0.008147903468661274,0.0,0.008029000148442458,0.0,0.007247731518240113,0.0,0.0,0.0,0.08020591262611813,0.0,0.0074702921788378646,0.0,0.008132963491434312,0.0,0.006905332194363854,0.0,0.06711095139519693,0.0,0.0,0.0,0.0901253462730459,0.11979114660199576,0.034288055985751624,0.0,0.0,0.00435734858461544,0.0,0.02320454361695499,0.06609559103279657,0.053820856953997326,0.03554755147300797,0.02801412954263397,0.0,0.0,0.10973812206111036,0.15349111261756626,0.0,0.0,0.0,0.0,0.023576217044337523,0.0,0.07490050244733652,0.08763232888346179,0.03201394592504108,0.05725058236879123,0.006987538714987748,0.0,0.0,0.017510783601249635,0.009733677787621813,0.008257545785743142,0.0,0.038889615348545695,0.03365062650885484,0.0,0.0,0.0,0.007671900419920662,0.007136114179512419,0.0,0.008386856364332194,0.0,0.009506702864029888,0.0,0.0,0.0,0.08136470148618713,0.023819807236949164,0.012552883125436155,0.0,0.007354556693372785,0.0,0.0,0.05898135484192659,0.0,0.0,0.0,0.0,0.0,0.00759337994764033,0.09207974929846388,0.07524332336275917,0.0,0.0069716063154279225,0.0,0.018196174634298685,0.049954906727781814,0.0,0.0,0.0,0.03865973822765284,0.0
481657,0.016966200921986467,0.0,0.0,0.0,1.0,0.04146397588102005,0.0,0.010916522381808035,0.13212144465773346,0.0,0.0,0.005858442895685561,0.00529645039590648,0.01572014790129573,0.07508425687119277,0.0,0.08065391177272728,0.0,0.0,0.06871139352813449,0.016508924147631825,0.0,0.0,0.009336144641657869,0.0,0.0,0.0,0.0,0.0,0.0,0.0,0.04253669226461183,0.03794665101620946,0.0,0.026122911538855913,0.0,0.0,0.0,0.004472796967944334,0.0,0.0,0.04653554835320514,0.0,0.0,0.0,0.0,0.0,0.0,0.09810606912306781,0.0,0.0,0.05617653030264284,0.0,0.0,0.005088910398137999,0.0,0.0,0.0,0.0,0.013237825258456156,0.0665460825304037,0.0,0.0,0.0,0.0,0.0,0.0,0.0,0.0,0.0,0.045684711915541354,0.024461019478568387,0.0,0.0,0.0,0.0,0.0,0.0,0.054525262523886654,0.020165607642634305,0.0,0.0,0.0,0.0,0.0,0.0,0.0,0.0,0.0,0.0,0.011512916296028517,0.013183423787981399,0.0,0.0,0.0,0.0,0.0,0.0,0.0,0.0,0.26563046743330937,0.0,0.0,0.0,0.0,0.0,0.0,0.0,0.0,0.0,0.0,0.0,0.0,0.0,0.0,0.12496287179055962,0.0,0.10682317179256995,0.0,0.0,0.0,0.0,0.0,0.0,0.0,0.0,0.0,0.0,0.0,0.0,0.0,0.0,0.0,0.0,0.0,0.0,0.0,0.0,0.0,0.007620690886232325,0.0,0.0,0.0,0.0,0.0,0.0,0.0,0.01491501929862518,0.005857147377328256,0.0,0.0,0.0,0.0,0.0,0.0,0.0,0.2671758398951746,0.0,0.016744635707426427,0.1344652567919431,0.0,0.0,0.013839775395349094,0.0,0.0,0.0
254422,0.0167366102072699,0.0047019550016321856,0.02868890451036387,0.0425091809671839,0.04146397588102005,0.9999999999999996,0.002941150928129085,0.006384565584749374,0.023083179067816203,0.020497150179350086,0.0027622439449390733,0.024263133046945246,0.01972859069163062,0.0,0.04868293175247567,0.0,0.0,0.007868256422577135,0.003703821205284237,0.13158871950027823,0.0,0.025548236898160985,0.0026520618376313166,0.0069034934694669385,0.00290952982782964,0.029306796742882876,0.00800642757529431,0.022227516699263303,0.011531125860315763,0.0021885299149290733,0.0026847735644653036,0.018813163436849495,0.0,0.036454832603081036,0.009238782001926212,0.0,0.042635605357326536,0.0,0.0020656219589951967,0.02024343387959314,0.0025722734966712726,0.0,0.0421015957669844,0.0,0.0027240353850221575,0.033111035026874236,0.010205439323911839,0.010650962358599029,0.00653574180395603,0.0022623450926333075,0.0022636020543473486,0.03181474288793712,0.0,0.0,0.01301934192490161,0.014758997321927736,0.0,0.006367983410674612,0.022020720660550743,0.024203999551306803,0.0028880926412753936,0.007410117971918118,0.0192674471474989,0.030263512125551475,0.007962277890589212,0.025951595035895787,0.0364584151625758,0.0,0.005827920890627943,0.03260790966864099,0.007052907587535887,0.015600986462640591,0.002521770763761704,0.017967370542714422,0.0,0.006832202354902797,0.020192258138921063,0.0024390294960208348,0.0,0.02013205311457322,0.02477531464428314,0.007896507145628576,0.0,0.021793489908348316,0.0018434185072070106,0.014230095959885091,0.021026571024950227,0.002323804194386791,0.017250614305404626,0.03042223301638733,0.0,0.0,0.0,0.030329266108414906,0.002285020523317892,0.020357912223799346,0.0,0.0,0.0014663487044981357,0.0,0.0,0.02224269699839346,0.037569939757548854,0.03707973415913521,0.0027912877254888703,0.0015949104718743664,0.0012194396936520042,0.0015888929204569413,0.028816681844768488,0.3552760125196545,0.00995841368629737,0.0020054369687688063,0.0049665084881860486,0.020938471016251136,0.04893253286316563,0.030885967010890584,0.06312602629081593,0.010773434170220373,0.017085359944989664,0.0023514685922831975,0.032291749708312736,0.0,0.017092826178511305,0.0032756079842396154,0.00277885538191963,0.019183064363694984,0.030331237940274237,0.013345965035914974,0.0,0.1749612759011314,0.0019090880541342311,0.0025817721541739383,0.002401467676748272,0.0,0.007136716744704218,0.0,0.01663370235950756,0.0,0.0,0.0,0.02304062198185753,0.0017098611235641735,0.040553662421562754,0.0,0.0158608813582219,0.0,0.0,0.011909155062879167,0.0013524705376064528,0.0,0.0,0.010863573099923722,0.0,0.0025553481969052064,0.03098696798576926,0.033149584333243,0.0,0.020277687077951113,0.019530735484466172,0.009825221762395437,0.016810982950098977,0.0,0.0,0.01259748760942496,0.0,0.0
254248,0.06268616574199144,0.043537928090296295,0.023695967839172848,0.035459610886522844,0.0,0.002941150928129085,0.9999999999999998,0.029346707519458406,0.023016594885362077,0.04813993431670895,0.0,0.008832460969154486,0.01767875836340843,0.0,0.08055433089082567,0.0,0.009368581440739094,0.0,0.002007997480996723,0.019045396718078707,0.0,0.03298411827333432,0.0014377944274992479,0.0721109782532669,0.001577378669583592,0.0051820726521331194,0.013501764101204116,0.0012821588743143844,0.008696765183509345,0.0,0.0014555288324397417,0.0,0.008743052644515196,0.03262100620731379,0.043448898556671396,0.0,0.0,0.0,0.0,0.0330633783597276,0.0469056230474341,0.0,0.020040151831065493,0.009169748190652933,0.12869922005873694,0.0013569351284230488,0.00172226490879259,0.013827181834849598,0.0,0.0012265125650967699,0.001227194016985404,0.0,0.07515746160244982,0.0,0.08175516459265385,0.0094054302146087,0.0,0.0014248952447645665,0.0015145778565147504,0.024772159427527793,0.05797710952548144,0.059877364510124736,0.0,0.0,0.0,0.0016229418798206342,0.0,0.0,0.0031595613878804994,0.02969139071630429,0.0,0.0,0.0,0.0014865310337075107,0.049281194551513155,0.0014648379102928841,0.05763162068433115,0.0013223006221518452,0.0,0.0,0.0,0.053453069603608565,0.0,0.07367054969541784,0.0,0.09345360735934856,0.0,0.0961863316210119,0.0,0.012243948683769552,0.0,0.0,0.0,0.016442772631489043,0.0012388058711640827,0.03391283076838922,0.0,0.0,0.0007949693955783444,0.0,0.02597237246494251,0.012058702909208035,0.02625060790458644,0.006485415375892232,0.014894165403239215,0.0,0.0,0.0,0.015622736991846388,0.0,0.006252869638084586,0.0,0.0,0.009684898681805843,0.05955885436429337,0.013665100692036662,0.06880097636941065,0.005840732442652123,0.02538903238446865,0.0012748301681547334,0.0,0.09156113891503917,0.0,0.0017758450574509145,0.0015065345484247235,0.0,0.08363958118029646,0.022284449170304196,0.07612130180728208,0.0,0.0,0.019671345203295124,0.0013019367778136376,0.0,0.021504547463213484,0.0,0.0017344349856342168,0.014535769650699184,0.0,0.007885721546994367,0.08873038202236222,0.0,0.06697779678482639,0.0,0.04560811785208851,0.046786081164044806,0.0,0.0430430305021983,0.0,0.008831630796421328,0.0,0.0,0.0,0.0013853618892657649,0.0,0.050145761942326915,0.008518385867108784,0.0012719234073569155,0.0,0.009340456532903753,0.0,0.0,0.0,0.0,0.02821285296344183,0.02157113984544137
254252,0.006385375564981107,0.0,0.008573087229015936,0.03347278259024927,0.010916522381808035,0.006384565584749374,0.029346707519458406,1.0,0.0035551024248945133,0.04081056988457264,0.008727592399712217,0.013331614586055552,0.02663479936054964,0.047132323346255216,0.003834994130273577,0.0,0.0,0.0,0.004358903002502578,0.12339741337428635,0.0,0.0037446215693008565,0.003121122663907453,0.027864306306042863,0.0034241281097217983,0.0400059191477141,0.006533788564037427,0.002783273495024577,0.034081316249292073,0.0,0.1841417474063739,0.0,0.0,0.0,0.015719602586361837,0.0034269289819733296,0.0,0.013096193474694833,0.01670494909380276,0.003117745639025702,0.042449699092831056,0.0,0.05188660163669,0.046951937258666296,0.0032058259188526717,0.002945595630203931,0.0037386429779356386,0.006627111382641224,0.011415466301681741,0.005484665795992537,0.0026639573684303875,0.0,0.009556352033069013,0.0,0.011580447791154445,0.0,0.0,0.012929111646031333,0.003287801916469057,0.0,0.03769273393755794,0.10552971176006276,0.0,0.0,0.0,0.007257401245158679,0.0,0.0,0.006858684709797202,0.03837515567900217,0.0,0.0,0.0,0.0032269186826492362,0.008686568121851933,0.003179827876171362,0.004063383638348127,0.0028704120431703424,0.048237717894438426,0.0,0.0,0.0473474986628881,0.020074464300213507,0.02911911365234498,0.0,0.012714734163129803,0.0,0.010795506859450327,0.0,0.026578810573845382,0.0,0.0,0.0,0.03569349646658335,0.019136096700630646,0.02718430902167517,0.0,0.0,0.0017256966296412201,0.0,0.009189992935962461,0.026176684390631096,0.0,0.014078352598540522,0.008126114881655398,0.0,0.004320880366426527,0.0,0.033913386757469965,0.0,0.0,0.010285261284549627,0.0175979912151505,0.007938679292463982,0.012397089873805224,0.029663806354205218,0.015698186175415674,0.025731770961295242,0.022673682199226546,0.0027673645511209696,0.0,0.0,0.028734616473987343,0.06347482884052338,0.05384874215369867,0.0,0.014459460034901676,0.009039642855963348,0.011711507272505937,0.0,0.20325051843330433,0.11094719640222508,0.002826206797362839,0.0,0.0033215542617622412,0.0,0.007755971289483082,0.02350373348196726,0.0,0.01734182880736718,0.008449848683263619,0.0,0.00514911963398058,0.0,0.011819818167497994,0.0,0.00298973671111192,0.03307782141548579,0.018120919359839126,0.0,0.0,0.0,0.0,0.0030073036225502325,0.0,0.02979957811697035,0.0,0.03099414337992734,0.0,0.016269194530168278,0.0,0.006562295262571048,0.0,0.0,0.015310911823264266,0.0
355562,0.04060783043944005,0.029811519576817422,0.0,0.008976560684653846,0.13212144465773346,0.023083179067816203,0.023016594885362077,0.0035551024248945133,1.0,0.03515224116817202,0.0,0.0210066876824343,0.014404899927930807,0.0,0.06648899303107551,0.0,0.022786944027628098,0.0,0.01846512330351442,0.09130601910758016,0.0,0.0017717461937923336,0.07599401539028774,0.009961599514933398,0.0016201065536749608,0.019432713515419992,0.008916399936641404,0.0013168898725361919,0.0,0.010621414787232155,0.009796075461053256,0.11254976644194041,0.0,0.02233642729042873,0.0,0.0,0.0,0.0,0.0,0.03164322144164412,0.03259490305481845,0.100209513597288,0.026303664717718604,0.0,0.001516818125562553,0.014176276903214168,0.0017689174576171205,0.0,0.0,0.008964285455455565,0.0012604361323547057,0.0,0.039476436418362106,0.0,0.005066678579557644,0.006440135745313302,0.0,0.0014634926722780978,0.001555604598126262,0.0,0.14490830905256552,0.0016317799315218584,0.0,0.0,0.008867232409400915,0.06427368380734605,0.0,0.00622133732928559,0.0032451472876800455,0.027749677603599,0.09837732490313103,0.0,0.00987438347746453,0.0015267980456376547,0.05838143122452029,0.0015045173009493838,0.03946182704678544,0.0013581189762393666,0.0,0.0,0.0,0.007055098924811584,0.0,0.04434139722366357,0.0,0.04347847102669823,0.02341635077461629,0.0012939583463874498,0.0,0.01257561160673711,0.0,0.0,0.0,0.01688817290010334,0.0012723625273402303,0.016246614759891212,0.0,0.0,0.0008165034513161615,0.0,0.006188760051992554,0.012385347912169125,0.0,0.00666109169370288,0.0015542660858817558,0.0,0.0,0.007711245181319247,0.016045924212676355,0.0,0.020278100302475538,0.009732824637050184,0.0,0.014372449117270307,0.017319005091682146,0.04622513810719393,0.014095376448147345,0.00599894565019107,0.008216066754637468,0.0013093626470778033,0.0,0.031962854164736605,0.0,0.0018239489802705528,0.0015473434136680498,0.0,0.03714283802692148,0.01668441051716847,0.022094427805975515,0.0,0.0,0.013948667836778571,0.02792503796758406,0.0,0.015248565181722205,0.0,0.0017814171963482473,0.0,0.0,0.005399552817212474,0.0015810958772138378,0.0,0.011377432508395928,0.06134006022247318,0.025365242054913417,0.0,0.008161956647265246,0.0,0.0,0.0060472407836379945,0.0,0.006998649805566259,0.0,0.03080113266655022,0.0,0.0016312971696514226,0.0,0.0013063771482186401,0.0,0.00959346993532521,0.021918190004167948,0.00696400101828688,0.0,0.0,0.0,0.014770304559806748
254399,0.06355891064863403,0.05820988930373853,0.011055419971504613,0.09493788191288677,0.0,0.020497150179350086,0.04813993431670895,0.04081056988457264,0.03515224116817202,1.0,0.0458602194262004,0.027331075974328198,0.06650020180088387,0.0,0.019162273722427337,0.05767611074466659,0.012525724409013108,0.04638250845706422,0.008054033543942785,0.026844420457880096,0.0,0.01056132840843045,0.0057669616909204946,0.055882207302462295,0.0160109489764928,0.024432431760496944,0.0,0.005142710924749824,0.15547497500601248,0.012397641728600702,0.005838093997422047,0.0613576311840626,0.06763602944561631,0.047131615773498566,0.0,0.013704208494372648,0.0029416597877577324,0.02620695482168648,0.029115186663651565,0.005760721893507995,0.06644144622786333,0.0,0.10528756675210209,0.0,0.005923469614179685,0.0054426368283334425,0.09381371909485846,0.0030700678285768396,0.0,0.004919514807584968,0.004922248096058476,0.021049640391642647,0.06517004160170708,0.02922164445039619,0.012278425304202058,0.012574990948373449,0.025811452106397407,0.011136612936229681,0.006074938328721275,0.003288304669322411,0.01589298156580101,0.006372417812328761,0.02793163367078029,0.0031700436583602257,0.0,0.04517242859907655,0.022376307430575962,0.0,0.012672930938889706,0.07090655399197017,0.02121146415943344,0.00547449442030335,0.05460509019461379,0.0789289635913215,0.06588859427692761,0.04184818504283041,0.08078175353553609,0.04994337659643738,0.018586581443760953,0.029185035689066118,0.05385521893159816,0.006790693883778955,0.06306044852296734,0.005466583218772824,0.02598320263920415,0.00595151041978164,0.0,0.005053158857788294,0.0,0.049110207728171464,0.0,0.0,0.020556441439443515,0.06595159783950609,0.031273318985375845,0.057703060928701394,0.0,0.0,0.0031886046865047617,0.0,0.01208415547639603,0.04836719101808498,0.026256553862615217,0.02601285782386078,0.006069711178231101,0.01575767155406194,0.1776132144623161,0.002303386362321514,0.06266245300171866,0.0,0.0029633180591693326,0.0029072419575190923,0.0855685888271633,0.03270215386413062,0.07782396975207168,0.0687779428595711,0.02752259242025438,0.023427048818290747,0.04639967607526738,0.005113315646218782,0.0034926150795679964,0.06241057917113672,0.018304417787801817,0.007122875300847059,0.0060426767976315115,0.0,0.09500691769514782,0.049141523678621166,0.0412084169375648,0.0,0.0027675668585011312,0.03004318727999005,0.005222039658834081,0.021752453187924983,0.061025013063720504,0.0,0.07258748677261818,0.06046793070795766,0.0,0.010543151648802401,0.06063514091884923,0.0757380648707812,0.009522429724854606,0.0,0.05221904567945046,0.07573447367491454,0.03823520136545749,0.0,0.01475753082740626,0.08929298822715852,0.0,0.0,0.06305042365770738,0.005556655938187718,0.08252583944588775,0.013115536248871719,0.04760385323428138,0.0051016566928628135,0.0,0.027567755025096962,0.024370546539625573,0.0,0.0,0.018286441120830544,0.02365538078083415,0.028840455153364652
254428,0.01503710459084215,0.0,0.002516818520824922,0.0,0.0,0.0027622439449390733,0.0,0.008727592399712217,0.0,0.0458602194262004,0.9999999999999998,0.036470278333933674,0.009463266516571894,0.0,0.0,0.0,0.0,0.0026554905302845987,0.0,0.017135695032145,0.0,0.0032401760522585586,0.0,0.007464104608344311,0.0,0.003244568573182005,0.014319608072975862,0.031485959547130925,0.00267160175984268,0.027421800913373054,0.0,0.0818749283524545,0.10143417965872414,0.0031292042994878824,0.02077739394104105,0.007510539931744744,0.002616878343270855,0.028701932419069896,0.016967607139682636,0.0,0.02813003243090424,0.0,0.018374615786074987,0.007560834650432028,0.0,0.0,0.0032350028489830577,0.0027311091671478396,0.0,0.0061851744097222786,0.0,0.0,0.0,0.038993031503121896,0.0,0.0,0.03444250944995775,0.021556792458357107,0.05508702646361848,0.0029252510134033694,0.0,0.0,0.0,0.0028200469106963886,0.023115514801099524,0.008184325924733726,0.002920760430396772,0.0,0.0,0.0,0.0,0.0,0.07123834552149835,0.0,0.06495092011957246,0.0,0.023885218577915566,0.0,0.031172100802681985,0.06939015820372797,0.07186379438611169,0.03415103129231246,0.05937299884045992,0.0,0.009534991583840505,0.0,0.0,0.0,0.0,0.0,0.0,0.0,0.0,0.013289855683989136,0.0,0.03859151827240732,0.0,0.0,0.0,0.0,0.0,0.0,0.0,0.0,0.0,0.008249595990734737,0.001572619215911213,0.0020490751217492695,0.0,0.0,0.010573103347088842,0.020773043544778068,0.006404930662144262,0.01228722581545794,0.003639438695213827,0.0,0.0,0.00736355049804898,0.003005114709477889,0.0,0.0031070040122040893,0.0,0.024233888188061863,0.0,0.0,0.0,0.011504177645075974,0.002607298117295133,0.0256672208539393,0.0,0.002462006587473612,0.0,0.0,0.0,0.0,0.0,0.04279952149401674,0.0806877221104515,0.0,0.0,0.0,0.0022050786713392933,0.0030232748867605103,0.0,0.0,0.10105922419565473,0.05757299863975547,0.021299690951673562,0.0017441790417892069,0.0,0.0,0.0,0.08413377146325635,0.0,0.0,0.0,0.0,0.0,0.0,0.019862097306738068,0.0,0.014382084038712302,0.0,0.0,0.0,0.0
254464,0.0,0.0047205967957886195,0.0,0.0,0.005858442895685561,0.024263133046945246,0.008832460969154486,0.013331614586055552,0.0210066876824343,0.027331075974328198,0.036470278333933674,0.9999999999999998,0.006468198651802864,0.02272542559048084,0.009785926016734689,0.08594275194407432,0.0,0.0,0.03720921765820442,0.03135875631320317,0.03343701156397079,0.0,0.0,0.011401605541492593,0.0,0.05114536040547132,0.010113322528270309,0.0,0.0,0.03614164714899949,0.0,0.08911148361947381,0.058933335458632045,0.019845156525436183,0.0,0.0,0.0,0.004027886579613612,0.005462326115657691,0.0,0.0,0.16456690999078794,0.016580189704187752,0.0,0.008180449356303127,0.02201490616727529,0.0,0.04041503690275285,0.010628763522897069,0.0,0.0,0.004677057785742692,0.24765217073058432,0.02546171011461833,0.011961565035667133,0.009321416993211616,0.10507753268529477,0.0,0.0,0.1507565343350822,0.0,0.0,0.04496728376948065,0.009711845922363172,0.05972225862300911,0.0,0.0,0.0,0.008750806241442257,0.0,0.0,0.004073074680230284,0.05559360894634624,0.0,0.0349777376332988,0.0,0.0,0.0,0.040522328696492735,0.0,0.04692569492190457,0.0060298506839725225,0.043049684467839126,0.0,0.12899193094382597,0.0,0.0265597224778603,0.0,0.011713020640189548,0.01823168626095606,0.0,0.0,0.004567473015818598,0.0,0.0,0.08914967266779496,0.0,0.0,0.0,0.0,0.0,0.0,0.030580972899639482,0.0,0.0,0.0,0.0,0.0,0.0,0.0,0.03600345180254988,0.0,0.0,0.0,0.04301960754774528,0.0,0.004463951508751784,0.0,0.008862119572759,0.023623253342214833,0.0,0.011565714751414225,0.10702470306858408,0.0,0.0,0.06975802974859989,0.0,0.0,0.08211743391950937,0.0,0.0,0.0,0.060313881617573624,0.00372614457526078,0.0,0.0,0.022235928952366223,0.05268755239050113,0.016895998788148642,0.00930663724411187,0.0,0.015187963165795815,0.0,0.0,0.0,0.06598975693059336,0.033315497182025915,0.0,0.0071529401651200235,0.0,0.003789225760182423,0.007938136832023808,0.14328516321398171,0.066643861037782,0.0123526678097642,0.02263262949224767,0.015430178582629336,0.0,0.0,0.009351829329743495,0.0,0.0,0.002983718578034438,0.00421581091435338,0.0,0.05611309513100321
254254,0.03196406371105594,0.015284848693171805,0.006686020315384986,0.058703405113589804,0.00529645039590648,0.01972859069163062,0.01767875836340843,0.02663479936054964,0.014404899927930807,0.06650020180088387,0.009463266516571894,0.006468198651802864,1.0000000000000002,0.01735632509726867,0.007442610556429743,0.0,0.0032890253641461244,0.007054407572849528,0.008459365620610403,0.03294216954883654,0.022516242938534034,0.04374141844112953,0.006057193230867506,0.023955659732454,0.006645238858335695,0.030450541117182234,0.0,0.005401526049799532,0.007097207642556523,0.007497759892789284,0.0061319053840825245,0.0,0.013328219368453879,0.01976509336769694,0.0,0.004982342304705466,0.006951832887921224,0.0,0.012015017862696448,0.006050639405703645,0.042112528425160375,0.0,0.08442588849632364,0.0,0.006221577664846881,0.11060377001947724,0.04367158172685687,0.007255291243287409,0.005538526730248456,0.005167097232251572,0.00516996807782452,0.04282599714334137,0.017112456957478345,0.0044293643787044245,0.0056185720271546506,0.0033019618532679246,0.0,0.006002851079548886,0.1042487083295945,0.007771036147971824,0.006596277261949542,0.01820913814127788,0.009823607455784075,0.0074915576070517685,0.0,0.057449572383111464,0.0077591067502176345,0.0185074264517135,0.013310716389732368,0.10841667520115703,0.0,0.0,0.06698537700527472,0.03858789019838846,0.017301135703481636,0.006171123009550545,0.029044513656340025,0.0055706366810732676,0.021993590949196763,0.06897109304847797,0.0,0.018460002685974614,0.0,0.011769461356782866,0.014783508390004066,0.006251029668689327,0.0,0.005307467132317284,0.0,0.05158175721644105,0.03078486208064863,0.0,0.032386465684458327,0.08453186969087748,0.09423214526361946,0.026353942873880317,0.060764726541196835,0.062099222586412775,0.0033490763001628753,0.0,0.0031730774658871256,0.05080134700601031,0.0,0.027321996359760563,0.013953477952400737,0.005464058629967049,0.02639498734970539,0.005443442893639849,0.09189497516495677,0.015998139499849174,0.017197703014418027,0.0068704954725003035,0.017014932213583977,0.04009348038470957,0.0315118276709364,0.08809918419823744,0.007226927689079238,0.024606052394064645,0.05198876929499546,0.14397982144166874,0.008253869626948868,0.02835044733418545,0.031709311260550405,0.007481345354613864,0.0063467841398286715,0.0,0.027337701952551263,0.030831157802262192,0.013451021069316713,0.0,0.006540410412692332,0.01231128064392616,0.026612957216713376,0.008806959778712981,0.07745412504236054,0.0,0.05372531248410972,0.0,0.00627305455638271,0.017232624664682318,0.006485227615543435,0.009785150745798677,0.00803144014740034,0.0,0.01795132031556973,0.0,0.0,0.0,0.011100243616248649,0.0031005182460058984,0.03552108443316432,0.0,0.0,0.005836303505889614,0.05924574635008014,0.01731782490716129,0.0,0.012796879427005785,0.005255421340062147,0.04066725199257979,0.0,0.0,0.0,0.0,0.010203444154824383,0.007572974258054017
402417,0.06380080190266822,0.047763055029187304,0.0,0.0,0.01572014790129573,0.0,0.0,0.047132323346255216,0.0,0.0,0.0,0.02272542559048084,0.01735632509726867,1.0000000000000002,0.0,0.0028137508437879955,0.08232508239741143,0.0,0.0,0.0541213928527117,0.0,0.05769020787567691,0.0,0.030594294186343227,0.0,0.0,0.008389184658724994,0.0,0.0,0.0,0.06399232199015004,0.0,0.0,0.0,0.0,0.0,0.0,0.0027020393425615397,0.01465723502852385,0.0,0.009152980466885837,0.002599064725374841,0.0,0.0,0.0,0.0,0.0,0.009543256309087138,0.0291013372080106,0.0,0.0,0.1908818299504565,0.017903300580247493,0.0,0.016676222122125134,0.0,0.0,0.0,0.0,0.0,0.0,0.02539181402055436,0.0027881691916891408,0.0,0.0026812679019257465,0.0,0.0,0.0,0.0,0.023544779036082233,0.0,0.050852234407686735,0.02767157617733759,0.0,0.0,0.05601102806293995,0.0,0.0,0.07936040652262939,0.0,0.0,0.0,0.01203746702589071,0.0,0.0,0.0,0.0,0.0,0.011140752570855277,0.0,0.0,0.0,0.012845255878688091,0.0,0.0,0.0,0.0,0.0,0.0,0.0,0.0,0.0,0.0,0.0,0.024185635960332838,0.0,0.0,0.0,0.0,0.0,0.0,0.0,0.0,0.0,0.0,0.0,0.012554118910256032,0.0,0.0,0.0,0.0,0.0,0.0,0.011655671893256704,0.009888065582421786,0.002152745685612686,0.0,0.0,0.0,0.0,0.0,0.009186779760272037,0.0,0.0024996208407121307,0.0,0.0,0.0,0.01970478869123972,0.0,0.024972798497172256,0.0,0.0,0.0,0.0,0.0,0.0,0.0,0.0,0.019193713982876844,0.0,0.0025419377828763833,0.0,0.0,0.0,0.00280255438163336,0.0,0.016695164799891506,0.0,0.0,0.0,0.0,0.0,0.0020015769624164067,0.011856264885087592,0.0,0.07577596261863101
349622,0.043080400105068514,0.03678345962274135,0.0,0.009683281498342067,0.07508425687119277,0.04868293175247567,0.08055433089082567,0.003834994130273577,0.06648899303107551,0.019162273722427337,0.0,0.009785926016734689,0.007442610556429743,0.0,0.9999999999999997,0.010037974925790127,0.012518076788860119,0.0,0.002224761010487049,0.0038679890233759015,0.0,0.0019112350198264008,0.04055468907742706,0.011667079890917366,0.023119742126672206,0.040847727523663585,0.012382315240138657,0.09197488123274834,0.0,0.05089697443895838,0.0016126533159017242,0.049404945434512224,0.04926366246597919,0.06693771826938343,0.006258136714032993,0.06274088772589756,0.0,0.0062047154748038685,0.0,0.05081209462625514,0.0015450783033314015,0.05404948304050236,0.04284359387109868,0.06284223970631547,0.10812492978465528,0.047466592267489276,0.009418368428525828,0.0,0.05387710403151042,0.03459523473990029,0.03700347281927722,0.10906377096802009,0.013026050365859106,0.0,0.037536267158944536,0.011011502097194105,0.0,0.0015787128293642426,0.01488714762038057,0.02306293695207246,0.07902582949632249,0.026379185067485808,0.0,0.030512922911879164,0.0,0.0017981386185401283,0.007234646272348639,0.0,0.010389498211444616,0.04642943099184263,0.05306126497420374,0.04261598404596493,0.0,0.0016470022079060947,0.0,0.0016229673096428813,0.0,0.001465043106949492,0.011017063506813675,0.0,0.0,0.0018757894295270661,0.0,0.006717425759813859,0.0,0.2632233020085831,0.0,0.29332939273404485,0.0,0.013565684172339448,0.0,0.0,0.02465952719410337,0.018217771586387793,0.030190900203724627,0.006930924517030306,0.0,0.0,0.0008807864215722302,0.0,0.01587254065439699,0.013360441097832517,0.07583537219066835,0.06753365430987847,0.0016766327953031293,0.0,0.021905379800175668,0.0,0.017309213017190184,0.0,0.012239827910488893,0.021043227142888112,0.0,0.0019669362811525516,0.03937874647700335,0.015140249682450858,0.0293473914101454,0.0064712400957043,0.026354077171437326,0.0014124482126817608,0.0,0.0,0.0,0.024240361875811155,0.022081375218353263,0.009886735739514187,0.02174421621894672,0.01671967368187328,0.009610616371893924,0.052034875306602266,0.005715643984622057,0.013757862163027618,0.0014424809835723335,0.017219700543078503,0.012061233169492837,0.0,0.034200223304272,0.007648333955734047,0.0,0.0,0.07594829323563408,0.0,0.0,0.011687545795850207,0.0014866365511993138,0.012826019653806588,0.0,0.033993032006266286,0.0,0.0,0.0,0.0,0.0,0.0015349118441738625,0.019996063740403126,0.03131817049485754,0.0,0.04449281952236684,0.0,0.001454601740811031,0.022344891475031246,0.0,0.0,0.030267550953655235,0.0,0.004803807753901402
254420,0.02555097275590096,0.0037654742399954168,0.008576266031393442,0.0,0.0,0.0,0.0,0.0,0.0,0.05767611074466659,0.0,0.08594275194407432,0.0,0.0028137508437879955,0.010037974925790127,1.0,0.0,0.0452440115231316,0.0,0.0,0.0,0.0367068195080701,0.0816125079594062,0.009473682510629714,0.019058724732154544,0.060191307556377575,0.0,0.010927694517493269,0.0,0.03096153009991604,0.0,0.03200397572820201,0.0,0.018931483337928816,0.0,0.012693398483720902,0.0,0.25627609706230414,0.027232134913424376,0.0,0.0,0.06718020843710551,0.0,0.00851893365498365,0.0,0.0,0.0,0.005107886692779573,0.02618532418953969,0.01393790312235329,0.010459235278844015,0.0037307445166457967,0.0932529655422555,0.0,0.005668418496485286,0.0,0.02738222148765391,0.0,0.10329401851181627,0.04861709400941639,0.010021790674085703,0.0,0.0033153353348283282,0.0,0.003188221950049627,0.09252781705687119,0.01990546259715198,0.0,0.0,0.0,0.0,0.003248965851027,0.0,0.019029397295997764,0.0,0.037503398095471034,0.0,0.03385409831763185,0.0,0.016185728757832515,0.007554685522930627,0.0,0.022770116464430674,0.0,0.024302714865881907,0.030625265216812574,0.0,0.08978257212863607,0.01790810911829164,0.0,0.0,0.0,0.0286199798751813,0.0,0.0,0.010009952903373781,0.0,0.0,0.0,0.0,0.0,0.0,0.0,0.0,0.0,0.01401767216109043,0.0,0.0,0.0,0.0,0.0,0.0,0.0,0.010089564344900454,0.0,0.0,0.003560756222558388,0.0,0.0,0.0,0.0,0.0,0.0,0.009163217813988484,0.008560015275817965,0.029101798073469944,0.0,0.0,0.02648184387021813,0.0,0.0,0.0,0.008326420360980016,0.019822417211634195,0.02938120630083391,0.0,0.01110143403578811,0.0,0.0,0.12359456478490437,0.0,0.0,0.0,0.0,0.0,0.0,0.0,0.0,0.0,0.03464216769036374,0.00302254833588479,0.0,0.0,0.0,0.011717941503361542,0.01673877345751279,0.19851761488093203,0.0,0.0,0.0,0.0,0.0,0.006082807158455229,0.022427353834982407,0.05337615585033628,0.0024875038073129832
322401,0.04772541573125713,0.019367570651695146,0.0,0.0,0.08065391177272728,0.0,0.009368581440739094,0.0,0.022786944027628098,0.012525724409013108,0.0,0.0,0.0032890253641461244,0.08232508239741143,0.012518076788860119,0.0,1.0000000000000004,0.0,0.0,0.0,0.01557871959619328,0.0,0.0,0.0,0.0,0.0,0.010060235243054475,0.013627621119447948,0.0,0.0,0.0,0.0,0.04232302015042705,0.02749488537172752,0.01646399828488453,0.02638263496132273,0.0,0.005041132945024938,0.0,0.0,0.013655965714499525,0.0,0.0,0.0159355845836449,0.0,0.0,0.006101785073735221,0.0,0.0,0.0,0.008695612500945965,0.0,0.025209203634648417,0.06560480755677807,0.0,0.0028221746825577688,0.0,0.0,0.010731947809783246,0.0,0.0,0.011257473192890933,0.0,0.0,0.0,0.018404608419943024,0.0,0.0,0.0055969800051361065,0.006959059551414948,0.0,0.0,0.0,0.0,0.014787217215589168,0.04838769340037854,0.030643598708264545,0.0,0.0289777310564146,0.0,0.0,0.0,0.0,0.0,0.0,0.0,0.0,0.0,0.0,0.008426080665609733,0.01086421459729105,0.018626894602219432,0.0,0.0,0.0,0.0,0.0,0.0,0.0,0.0,0.11614920045029958,0.0,0.0,0.0,0.0,0.0,0.017797420724991422,0.0,0.0,0.0,0.009944468843343978,0.0,0.0,0.0,0.00758947631381901,0.0,0.006176828583470685,0.0,0.0,0.0,0.0062527268825147584,0.014006654731097981,0.0,0.012583226667977593,0.0,0.008032656687903312,0.03394309035066617,0.031014020055831225,0.006645532103172956,0.011527748795294376,0.004643777995931821,0.015400418149264943,0.0,0.013990456139960365,0.014417544230569691,0.0,0.0,0.0,0.0,0.0023661739224922493,0.0,0.0,0.0,0.0313907699259434,0.010511548950924704,0.010420730892964207,0.0,0.0,0.0,0.007764774647467719,0.0,0.0,0.0,0.0,0.0,0.0,0.20858026812264083,0.0,0.015801149856504833,0.019851176596777702,0.056574172700569504,0.0,0.0,0.0,0.0,0.010375533528341831
