pid,13262,348081,377338,874212,1147958,605188,1102296,104227,255314,15873,255283,255297,252225,48242,342703,324334,255305,255311,255319,351473,315024,372634,366508,365918,354613,375694,366509,382734,366572,375760,479770,371337,373230,479693,382647,255277,255377,626887,356777,998356,428211,595269,403308,567359,588100,622039,998460,337324,377207,372161,252282,252384,252355,252194,315931,252394,315027,299463,252383,251887,252389,315927,314980,255291,252226,330446,252341,329641,252366,315045,353955,315001,342684,252399,315021,251878,480378,347379,315041,342036,315052,315022,315928,252285,371306,252407,315192,252404,366803,371311,367116,354634,314997,351650,252333,359592,332512,251881,354532,252198,314994,370546,342841,315033,375344,481488,369337,479812,371307,481576,371305,379122,382999,373434,252280,315036,366265,368149,372948,377151,377335,403939,373763,377716,377216,373703,373105,366073,367059,373549,382648,480564,382797,373024,377497,383000,379121,480260,377206,480377,373435,382583,382585,480542,872939,267431,255439,315932,252250,354535,252289,252209,310045,252292,315025,297441,359207,998831,342809,354508,842630,361773,361624,440632,408173,1269811,1232524,1280895,998618,1242666,440165,998974
13262,1.0000000000000002,0.0,0.0,0.0026701346514939393,0.004699950620914814,0.0,0.0,0.0,0.0,0.0,0.0,0.003941082362519938,0.0,0.0,0.0024837219600700676,0.0023381326082363503,0.0,0.0,0.0024771761758017974,0.0019023159291205957,0.010451686129123923,0.0,0.0,0.0,0.07817459660221525,0.0,0.004995097404120284,0.07554754951097183,0.023162986283820786,0.0,0.002454484694002139,0.0,0.0,0.0025018288309940303,0.003214358212954343,0.0,0.023155333967430036,0.02574659157672126,0.0,0.0,0.0,0.0626061876815501,0.0,0.023767496491767362,0.019659072936796224,0.0,0.0,0.014135464392982995,0.0,0.0,0.010899028957546042,0.012990140519741478,0.01370903187717016,0.014557147203342556,0.02632229022870861,0.0,0.0,0.0,0.021375104654220455,0.015115354423597828,0.0,0.0,0.0402494152904625,0.0,0.002964687101768424,0.020753166999567956,0.0,0.0,0.0,0.0,0.0028004019256042826,0.0,0.010226738946377779,0.011535665755271058,0.0,0.0,0.0,0.003344601087488279,0.0,0.022600124203533398,0.0,0.0,0.0,0.0,0.0,0.0,0.029185130413502132,0.01862473361089039,0.012851717691640748,0.00810662627501866,0.0,0.01205248021988133,0.0,0.0162446475233784,0.02371400546698208,0.0,0.0025814706903147583,0.0,0.012280886621114094,0.0,0.0,0.012922298446169898,0.022036156353699952,0.0,0.005132828070687086,0.0,0.0,0.022659589891562568,0.0,0.0,0.006176501994003072,0.0,0.0,0.0,0.0,0.0,0.0,0.008081366199383641,0.0,0.0,0.0031529312497759875,0.0,0.0,0.00834717480506032,0.0,0.0,0.0,0.0,0.008271259873040972,0.015482451673221572,0.05635493156571319,0.005231965457763104,0.0,0.0021963733745337475,0.0,0.0,0.011972614349345732,0.0,0.0,0.01863335976266644,0.0,0.002428989123555725,0.002721144954373738,0.0,0.03318616145297124,0.00753686056093018,0.0902302533453899,0.0,0.0,0.00347574986332673,0.0,0.0,0.0,0.019902235325047486,0.0,0.0,0.0,0.0,0.0,0.027447278946895446,0.0,0.0,0.009932394179832556,0.0,0.0,0.0,0.0,0.0,0.0,0.0,0.0,0.0
348081,0.0,1.0000000000000004,0.0,0.0,0.0,0.0,0.0,0.0,0.0,0.0,0.009192833640097509,0.43073773284903516,0.0472481367687277,0.0019026609272240912,0.0,0.0027904387088211226,0.002877665043802499,0.001631009748958184,0.0,0.0,0.0,0.0015823815407295001,0.0,0.0,0.0,0.007132939270910313,0.0,0.0,0.0,0.04280311715861746,0.009333872635333003,0.0018864669436593044,0.0,0.0,0.01534292059572246,0.0,0.0,0.002690334537773841,0.0017530086881764881,0.0,0.0,0.0,0.004265538298356491,0.0018105282621266763,0.0017970747826103503,0.0,0.0,0.0,0.0,0.0017172103186893408,0.0,0.045664856071221,0.016716241229968124,0.0,0.01495926868761924,0.04076171674531091,0.0022121397730763786,0.024069640240264544,0.0022359617239721646,0.0,0.001835850208339863,0.0,0.05046354878474115,0.0020762490545864335,0.053952747631222056,0.0,0.02101504410081135,0.21646942470243666,0.0014996429399006309,0.0069177857748349775,0.05639400650265633,0.006728237948120953,0.0,0.0017574967459950642,0.0,0.0029456937558258035,0.04896696548913639,0.011974818246684879,0.03241927302092847,0.03881290601781204,0.011385554386218903,0.0015348099166692703,0.0,0.22878647386290388,0.0,0.0,0.03445951359321682,0.014128280444023065,0.006295025421996198,0.010725028958028139,0.05879312888003413,0.010691549794598083,0.0,0.030280406600563914,0.3512902706921506,0.0033776930176812542,0.010989766478060008,0.0022173131037126863,0.018044203294084783,0.031786559911163983,0.001461454420553919,0.0,0.002447325829483612,0.0,0.040459175446310294,0.0,0.0,0.002071357978544417,0.0,0.0,0.0,0.0,0.0,0.027621131221599447,0.007039385593462128,0.001365474744253492,0.0,0.0,0.001778650679907368,0.0,0.003762858177775913,0.0,0.0,0.05666403670876517,0.0,0.0019272035329739939,0.0017251075591261395,0.0,0.0,0.0,0.03982728814308793,0.0,0.0,0.0,0.004533238208537512,0.02420325690178736,0.0,0.0,0.0,0.043195898267464526,0.001795134087308588,0.0,0.0,0.01604415768035595,0.0,0.02241452747433044,0.009680790476394096,0.0,0.0,0.004142362390713486,0.0,0.0,0.008050615771592025,0.0,0.010111926500462508,0.0013666394978893175,0.0,0.005798662031753224,0.01615552502575776,0.0,0.0,0.0,0.0,0.0013347646867713733,0.0015534763337079422,0.0,0.0,0.0,0.0,0.0,0.0,0.1872630771544426
377338,0.0,0.0,1.0000000000000002,0.014509689920851901,0.05069918211330024,0.013155229767490185,0.0030031402509894025,0.007499707032396108,0.010098263594469097,0.0,0.004856938789506419,0.003631119727644209,0.03925583260484257,0.08234638334517605,0.0,0.004422898488719882,0.023900472013440435,0.0,0.0,0.002846973870233725,0.004007862397015541,0.017373148687937472,0.029707247267162763,0.0,0.0,0.0,0.049404921791296165,0.05731629925641103,0.02290977398881319,0.0,0.0,0.0157487090374195,0.0,0.03398776214568478,0.009961137542539213,0.04097068080216791,0.0,0.0,0.0,0.013509971126059601,0.0,0.128144520165324,0.21239866126721302,0.022756973750927643,0.03388181050121856,0.00280005988235688,0.0,0.008989338011234423,0.007433942758725392,0.0,0.08587004009967887,0.028531119525981342,0.05281085639045755,0.11055505923650219,0.0,0.0075305741716701095,0.01846750919934216,0.0036645075157692515,0.0,0.03074616031071297,0.0,0.05606457649236721,0.0790050051756198,0.012556038537228408,0.01837483816974116,0.003698504626899989,0.02349128436949792,0.0,0.0,0.16703035783414177,0.008678307427876007,0.0,0.0,0.011045203809459255,0.0,0.0,0.04717618193643731,0.04219902039817147,0.03678193193021473,0.0,0.004135452653772982,0.0,0.010022606008686253,0.0,0.003786462892496339,0.0032509106955503483,0.0,0.010630602392461027,0.0,0.014412817045383865,0.0,0.0,0.0,0.020083831092004185,0.005744173381015475,0.04475498553573745,0.007999850329258932,0.01787882413420361,0.0,0.0,0.09487672046643741,0.0,0.0,0.048629942531534506,0.0,0.029722529225440043,0.0035522153219385974,0.0,0.028948229526389275,0.0,0.0,0.0,0.04071852799649173,0.01650619996828289,0.0,0.0,0.005364470778526751,0.0,0.0,0.02503189507299458,0.056216352516343125,0.003079138242464729,0.0,0.0,0.0,0.028211985262703135,0.0,0.0,0.1392069453843063,0.0,0.0,0.1211948380919449,0.023275515768169552,0.011935239519501114,0.023632332030034203,0.0,0.04728754207120042,0.015510073182184503,0.005569750911993099,0.0,0.0,0.007270368144414227,0.012217258653458801,0.0,0.0,0.0035134767859955475,0.0,0.0,0.0,0.0,0.0037689347999045673,0.0,0.0,0.0,0.0,0.013928453340074103,0.0,0.02683194329244391,0.0,0.0,0.0,0.0,0.0,0.0,0.0,0.0,0.0,0.0,0.005711059051057899,0.0,0.017652663806250194,0.0
874212,0.0026701346514939393,0.0,0.014509689920851901,1.0000000000000004,0.045414239609521886,0.0,0.0,0.0026774420653172264,0.0,0.0,0.0,0.0,0.13794576664800906,0.005845156022251887,0.03304151517969889,0.015907808086631635,0.0,0.005010617667112913,0.0028965603934650824,0.00222437670359273,0.0024774258379800947,0.018158635724611096,0.0,0.0,0.03580981842540966,0.0,0.0,0.04599424323597461,0.006504776431422265,0.0,0.03438976571078549,0.0,0.0,0.03844982751604302,0.003758546840956582,0.0,0.0,0.0025707304978323975,0.0,0.011150729073158108,0.0,0.026541204506230962,0.034583824751382705,0.0,0.0,0.0,0.0,0.0,0.007770051415436934,0.025858625781400177,0.0,0.003575085292492062,0.023348983637969823,0.0,0.05718412482068299,0.05769434419256813,0.0,0.04608087138236752,0.006869087891276862,0.0,0.051748958214766445,0.007204725157657973,0.0,0.0031892176612930805,0.04798287756626242,0.0,0.0028707956193498234,0.0,0.0,0.007659997308118453,0.006468059947122818,0.0,0.0,0.0,0.0,0.0,0.0,0.026721507996445404,0.01017981972206193,0.01651215312970517,0.0,0.0,0.0,0.006701577937832277,0.006803973593953979,0.0,0.0,0.06193826897677725,0.0,0.019773205792955932,0.0,0.0,0.006591637971583571,0.0,0.0,0.0,0.003018511897336676,0.05982901912316456,0.002873996933122522,0.0051403168464518745,0.0,0.039867302566398234,0.0023978065280062656,0.0,0.0,0.0,0.0,0.016926908337772273,0.0035509102970437147,0.0,0.014527974615282305,0.0,0.03873183878823839,0.017252489908737432,0.0,0.0,0.0,0.0,0.0,0.0,0.02159459926123208,0.10624216865473034,0.0,0.0032901872960138853,0.0,0.06464151446512151,0.0,0.0,0.0,0.012466864490405878,0.009595661871941392,0.0,0.0,0.050268006246723125,0.0,0.0,0.1026452154504779,0.012801553929733514,0.0,0.04809251720447165,0.0,0.002840215306515977,0.003181832917945424,0.04752019416679299,0.0,0.0,0.0,0.0,0.0,0.0024402051958515294,0.005939018299975409,0.0,0.0,0.002624819949621265,0.0,0.0,0.0,0.0,0.0,0.0,0.012454100202064394,0.0204141524575194,0.024731945968014594,0.0,0.0,0.02451103330707654,0.0,0.0,0.005969271475924684,0.0,0.0,0.00276754415922403
1147958,0.004699950620914814,0.0,0.05069918211330024,0.045414239609521886,1.0,0.014900041268500544,0.00340145436193124,0.0,0.0,0.0,0.0,0.00660959222892907,0.0,0.0,0.0,0.0,0.07372279300298673,0.0,0.007623262963265591,0.006151669141926651,0.0,0.01734029894159083,0.0,0.006687903062700424,0.04231549343805986,0.0,0.0031646378111196264,0.0,0.01467488144510653,0.0,0.0,0.0,0.04656248833843596,0.0,0.05241746329381826,0.026926427263989645,0.0,0.0,0.0,0.0032184755742679957,0.0,0.005278555951595196,0.03747635768953306,0.015057868143163209,0.012454981457623995,0.003171438928759206,0.0,0.016620294799068312,0.00722955192122568,0.0,0.012591918068205964,0.07092338642137656,0.02369291360925943,0.02082756371341677,0.01667645457009992,0.07722326928623288,0.020192444608272027,0.0041505404450346865,0.22741345685140155,0.016541134499315827,0.05607715404698694,0.01227145364598638,0.009015964171033234,0.04063016383356025,0.0,0.022811954859052838,0.009107842765411234,0.0,0.008655573137189463,0.00605644223079557,0.0,0.014136138965115523,0.0406471342100633,0.012380328033065626,0.0,0.003797853917592152,0.0,0.005146338368302484,0.0,0.025357655726541153,0.0,0.006361941976952382,0.0,0.007763912040201242,0.010807213228214582,0.0071380693059910315,0.018490203444850015,0.08644576155307288,0.008142189922313272,0.053340662511000975,0.0,0.04472988806636272,0.0,0.010291776440313065,0.008908329940355281,0.004639737699220315,0.007944218944323773,0.020250137940594968,0.011658352144706199,0.0,0.0,0.0,0.012661802213417951,0.01705534045895075,0.0,0.0,0.004023354652632793,0.014355955280502113,0.02940383513171543,0.0,0.015743069978545625,0.0,0.0,0.007568790345553905,0.040092623632592694,0.046568569540345925,0.012151948296827567,0.005119939606979031,0.0,0.032641329996132736,0.0,0.00348753215983515,0.0,0.0,0.0,0.0,0.010726117360819165,0.0,0.005240246510154273,0.02331846026701232,0.05252833108455133,0.009137687028258559,0.02323958574834963,0.0,0.07289569517490345,0.0,0.032174502158371955,0.011992052815295686,0.0,0.030238460355108958,0.006389033067610652,0.01197214157212614,0.06523014310096284,0.0,0.021025051734399464,0.0039794781263816775,0.015718690359494678,0.0,0.0,0.008787071644753338,0.0042688181848137986,0.0,0.0,0.0,0.016296508928598415,0.0,0.0,0.0,0.0,0.017389189787579442,0.013495740197306852,0.022121557835966938,0.0062926561052673545,0.0,0.0,0.038234906673586054,0.0,0.0,0.0,0.0,0.0,0.0
605188,0.0,0.0,0.013155229767490185,0.0,0.014900041268500544,1.0000000000000002,0.005180049115953443,0.0,0.0,0.0,0.0,0.012494235488941538,0.0,0.0,0.0,0.0,0.0,0.0,0.0,0.009796086230580169,0.0,0.0,0.02239527900598636,0.0,0.0,0.0,0.03364100470686553,0.006306284530708405,0.031199637066389126,0.023978654464724657,0.0,0.0,0.0,0.0,0.0,0.1027628486558757,0.0,0.0,0.0,0.0,0.005501744022706431,0.0,0.0,0.0,0.0,0.0,0.012497103937211164,0.03173319661967096,0.10069769485709931,0.0,0.017276349727096622,0.0,0.0,0.0,0.007999701297148918,0.0,0.0,0.0,0.055421816904818656,0.0,0.0,0.0,0.012098219665795593,0.0432037812187856,0.0,0.0,0.0,0.0,0.0,0.0,0.0,0.0,0.0,0.0,0.0,0.0,0.0,0.0,0.0,0.0,0.006475336569416573,0.0,0.010462336716584749,0.0,0.0,0.0,0.0,0.036578592732574224,0.007811622909337864,0.0,0.10353702044676276,0.0,0.03161626145873088,0.0,0.0,0.0,0.0,0.0615188304856686,0.0,0.006675493983161304,0.0,0.2946498412746483,0.005634759698127439,0.026743130501958014,0.0,0.012639064885170187,0.0,0.0,0.08594935897301942,0.007373671052086386,0.0,0.0,0.0,0.0,0.0,0.0,0.0,0.0,0.0,0.08613166605205219,0.0,0.0,0.0,0.0,0.0,0.0,0.0,0.0,0.0075412444464944915,0.0,0.0,0.005872457872033878,0.047383063943958324,0.0,0.0,0.0,0.0,0.0,0.0,0.0,0.0,0.025016440795397228,0.04203808138947156,0.0,0.010085724931836682,0.012089440624872487,0.0,0.0,0.0,0.0,0.0,0.0,0.0,0.0,0.0,0.0,0.0,0.013191553800260289,0.0,0.0,0.016451783733440237,0.0,0.0,0.0,0.0,0.025625899800944495,0.01085934439354115,0.005106878224045694,0.006225852173361418,0.006479653234793309,0.0,0.0
1102296,0.0,0.0,0.0030031402509894025,0.0,0.00340145436193124,0.005180049115953443,1.0,0.012585271732341361,0.052685777443561045,0.0,0.0,0.013791727200158069,0.0,0.0183167055379418,0.0,0.0,0.012511353047343084,0.0,0.0,0.0,0.0,0.0,0.0,0.025307071192470797,0.0,0.0,0.0349604572545881,0.0059542079473718645,0.0,0.0,0.0,0.0,0.0,0.0,0.0,0.0,0.0,0.0,0.0,0.0023079199824494073,0.0,0.0,0.0,0.0,0.0,0.002274190717904091,0.0,0.032977821965793915,0.0,0.0,0.0,0.005463055162765635,0.0,0.0035117724876895847,0.0,0.0,0.0,0.0029762895538639174,0.03423926137640634,0.0,0.017673526163692485,0.07553799801903872,0.0,0.0,0.0,0.003003901789965096,0.0,0.0,0.0,0.0,0.0,0.0,0.05089706614302553,0.0,0.0,0.0,0.0,0.0,0.0,0.010738222164385134,0.0,0.0,0.0,0.0,0.00307534093040726,0.0026403688632304187,0.0,0.0,0.0,0.0,0.0,0.0,0.0,0.0,0.0,0.0033270854795254567,0.06024097483184633,0.0,0.0,0.0,0.0,0.0,0.0,0.003052526374201638,0.04220110044216477,0.0,0.009252295559310583,0.04510945870553129,0.005563664858131339,0.0,0.0,0.0,0.0,0.0,0.0,0.0,0.0,0.0,0.0,0.0,0.0735765285954644,0.002500856376065281,0.0,0.0,0.0,0.004638243619774534,0.0,0.0,0.0,0.0,0.0,0.008309767619365492,0.0,0.0,0.0,0.0,0.0,0.002649599136253429,0.0,0.0,0.09934729746751081,0.0,0.0,0.0,0.0,0.0,0.0,0.0,0.0,0.10946976127214038,0.0030611047257725157,0.0,0.0,0.0,0.0,0.0,0.0,0.0,0.0,0.0,0.0,0.0,0.0,0.0,0.0,0.0,0.01296325328346697,0.0,0.0,0.0,0.0,0.0
104227,0.0,0.0,0.007499707032396108,0.0026774420653172264,0.0,0.0,0.012585271732341361,1.0,0.0,0.0,0.0058718450639281845,0.0,0.0,0.06731907494118042,0.0,0.045117782210810004,0.0,0.004405797913889191,0.014235902388244273,0.0734160889625143,0.0,0.0,0.00546047463691657,0.0,0.004370533370467815,0.0,0.019779965633814216,0.014831106088201446,0.005719600323923493,0.0,0.0024612019340379413,0.0,0.0,0.0,0.006157453287264109,0.0,0.0,0.0022604237275695668,0.0,0.0,0.0,0.0,0.025325416346776645,0.0,0.0,0.0,0.00964899420413604,0.006633807088560165,0.0,0.0,0.0,0.03821145173668751,0.0,0.0,0.0027082176472155058,0.00555840301845325,0.007947643114256261,0.0,0.006039936613073677,0.0878495984025003,0.059996081447179994,0.030539812849046857,0.0,0.0028042547750724207,0.0,0.0,0.0025242687012320903,0.0,0.009238867833448912,0.0,0.008172540772459031,0.008799411985119961,0.0,0.0,0.15684463294393788,0.0,0.0,0.018651382929864728,0.0025645705606768773,0.01831601947664147,0.0,0.0,0.0,0.005892646388100862,0.0,0.0,0.0,0.004535682391730857,0.0,0.0,0.03602783716850429,0.0,0.005795977013957476,0.0,0.005630918256414523,0.0,0.0,0.0228846865351306,0.046918576867304086,0.004519841413459173,0.31512597811787785,0.0,0.026380060699052785,0.0,0.0,0.09880926468407392,0.0,0.0,0.029130102861854135,0.0,0.0,0.0,0.0,0.01163748090683097,0.14072323001489837,0.0,0.0,0.0,0.0,0.0,0.0,0.010283576521521128,0.1770479277008375,0.0,0.0,0.02095128053718693,0.0,0.0,0.004877224468105782,0.0,0.005577796078936396,0.0,0.0,0.0,0.0,0.03721481555893018,0.0,0.0,0.0,0.015298895802313648,0.0,0.0,0.0052126495662195545,0.0,0.0,0.0,0.0,0.0,0.0,0.0021456538246588915,0.005222133512265792,0.0,0.0,0.0,0.0,0.0,0.0,0.0,0.0,0.0,0.0,0.0,0.019522425307355533,0.0,0.0,0.0,0.0,0.0,0.00805301532662632,0.0,0.0,0.0024334804795296057
255314,0.0,0.0,0.010098263594469097,0.0,0.0,0.0,0.052685777443561045,0.0,1.0,0.002305825225404773,0.0,0.0,0.0029080261330584924,0.0,0.0219996601220213,0.0,0.0,0.0,0.0,0.0,0.0,0.0,0.0,0.013505626070041844,0.0022960782124321066,0.01194871639562131,0.0,0.023143898971254503,0.0,0.0,0.0,0.010044273280651302,0.0024301097871557284,0.0,0.006353053283649542,0.0,0.00209531510869802,0.004537242828217357,0.014257569885968577,0.0,0.0,0.0,0.0,0.0,0.02144026974712168,0.0,0.0,0.005733255175548007,0.015287874139754538,0.0,0.0033763007195232652,0.0,0.006377373832725535,0.0,0.0,0.0,0.011778280287634828,0.0,0.0,0.051653516806255906,0.0,0.0,0.002364343649429049,0.0,0.011719176195718458,0.0,0.0,0.0,0.004065631878845925,0.010662208823517335,0.005534884872911173,0.0023114041729745765,0.02315177784652813,0.0,0.0,0.0,0.026492775616176648,0.0,0.03515019889301446,0.0,0.0,0.0,0.0,0.0,0.0,0.0,0.0,0.0,0.0,0.0,0.0,0.0,0.0,0.020374450413524044,0.0,0.0,0.005102175849491163,0.009479675782962684,0.0,0.0,0.0,0.0,0.0,0.02052865559349191,0.04874356256724136,0.0,0.0,0.008855674029155249,0.0559263092808409,0.0,0.0027945435736624917,0.019968147515511733,0.012792285627012056,0.0899606079422815,0.007634954079718603,0.05995234079160095,0.0023141306010707016,0.0025034452720504863,0.0,0.025248945291594844,0.024926581174162504,0.0,0.0,0.0,0.0027357002291487453,0.0,0.0,0.02435888365349607,0.0,0.0023980766051681234,0.0,0.0,0.028437752591594277,0.0,0.0,0.002551462209673689,0.03968942046505593,0.021461973587638877,0.023705385178710396,0.0,0.09681233504239138,0.0,0.0,0.0,0.0,0.0023626279697482352,0.0025619365385783723,0.0017578311338141315,0.0016628106568552493,0.0,0.0,0.001981024388180218,0.002333514402788923,0.014912418470285186,0.0021317175127061007,0.0,0.006634810479406814,0.0,0.03972826284869921,0.0018894704191503584,0.0,0.001963392698315871,0.00205123775990088,0.1357937664880042,0.01895210007522451,0.0,0.0,0.0,0.0,0.0,0.04056718187745076,0.0
15873,0.0,0.0,0.0,0.0,0.0,0.0,0.0,0.0,0.002305825225404773,1.0,0.0,0.0,0.0020447186685225416,0.0,0.031181079694259203,0.0,0.0,0.03540010395954099,0.0022044296398559186,0.0,0.041682442776046526,0.0,0.003643552612809243,0.009496202747825798,0.007705434354726448,0.0,0.0027365761008037374,0.0,0.0,0.0,0.0,0.0,0.039224820546470744,0.026049122772930332,0.012684647167767984,0.005789792791503151,0.0014732776540375076,0.005196321280976459,0.010024916551538561,0.0,0.0,0.0,0.0,0.013021079993686745,0.0,0.0,0.0,0.0,0.0019360589918577696,0.0,0.09892753193940176,0.0,0.019099809173631525,0.01768294585941872,0.0,0.004932901690368625,0.022066903228512277,0.0,0.0,0.03672202941755413,0.0022005320140783035,0.0,0.003753135384326717,0.0,0.0,0.0,0.0,0.002102726309786657,0.0028586653013580156,0.0,0.0,0.07371022979067503,0.005028912920647213,0.0280253472955155,0.0,0.07230181547551447,0.022136874206051357,0.005952695527089084,0.0,0.0,0.02939111199194928,0.0,0.048447659370688415,0.007844297696327197,0.0,0.0,0.010129125160369587,0.0,0.0,0.07923521575868481,0.0,0.031050426222832928,0.005143740875674144,0.010462643792780127,0.0,0.005037164916585897,0.032408234342312624,0.0026577704693932272,0.0,0.0,0.011652302567820788,0.0,0.0,0.0,0.005150110469731271,0.0,0.0,0.0,0.018431533351772597,0.0,0.07081898723290972,0.010272858808695527,0.07738546134969196,0.0,0.007618790282580747,0.0,0.054551830574590586,0.0017602459706929881,0.0,0.017753275739626883,0.0,0.0,0.0,0.0,0.0019235512591967898,0.0,0.022454458684393115,0.01712744723455694,0.0,0.0016861581632271372,0.002475056200042636,0.004641177742475873,0.004899758223894309,0.0,0.0,0.028317883367163194,0.0021540662163784027,0.0,0.01666795324443935,0.0,0.0,0.025290713381249108,0.029267302735138938,0.0,0.0,0.0016612331854930268,0.0018013728997998148,0.04710954088735861,0.0011691710585538162,0.0,0.0,0.015555972772600395,0.0016407625806410758,0.0,0.001498873254506248,0.0385160720879772,0.004665130307850378,0.0,0.0017030370452744365,0.014837046212205907,0.0,0.0013805191288515008,0.0014422855742484229,0.0,0.01332577874421033,0.0,0.0,0.0,0.0,0.0,0.023794949429800774,0.0021596346884344957
255283,0.0,0.009192833640097509,0.004856938789506419,0.0,0.0,0.0,0.0,0.0058718450639281845,0.0,0.0,1.0,0.0,0.0,0.0,0.0,0.013217715865253103,0.009046609515519631,0.02115938568351742,0.0,0.020450556457909545,0.004028182297183649,0.0,0.0,0.0,0.0,0.0,0.0,0.0,0.0,0.0,0.0,0.0,0.0,0.0,0.0,0.0,0.0,0.008457692489879078,0.0,0.0,0.0,0.02013793519803927,0.008266990603810538,0.0,0.0,0.0,0.0,0.0,0.0,0.0,0.0,0.046630367067882816,0.0,0.013210548764355266,0.0,0.0,0.0,0.0,0.0,0.0,0.0,0.041907975726528046,0.0,0.0,0.026221074104302466,0.0,0.0,0.0,0.0,0.0,0.012384029729360103,0.008617191741762219,0.0,0.0,0.006726738364042265,0.08886320774966515,0.0,0.07667012597124603,0.01919140106896994,0.009722146181283742,0.010031958442417416,0.0,0.010073420715716224,0.04738132586140212,0.0,0.0,0.0,0.21614384737439246,0.019789876867607147,0.013660367669278833,0.11257150531815896,0.02783874170250366,0.08673594261034089,0.0,0.027714027255453456,0.010618563776235185,0.009685368550876913,0.0,0.0756348677303721,0.2029162837438298,0.0,0.0,0.007693738082639385,0.004936810309797163,0.0,0.0,0.0,0.016276809352414705,0.007787430910359409,0.0,0.0,0.0,0.009808268474999361,0.0,0.006324616585629428,0.029658454547018438,0.0,0.0,0.0,0.0,0.011829420060521387,0.0,0.036617972446003386,0.016415644636585663,0.0,0.0,0.0,0.0,0.0,0.0,0.0,0.0,0.0,0.0,0.0,0.0,0.0,0.0,0.005597989601668973,0.0,0.0,0.032224667370112065,0.0,0.04570033854264308,0.0,0.07046528155591374,0.0,0.0,0.0,0.008028264797153755,0.05639672212204557,0.0,0.0,0.0,0.03178919335880763,0.013999070729926908,0.0,0.00897723478016352,0.0,0.0,0.0,0.0,0.0,0.0,0.0,0.0,0.0,0.004633838237722293,0.0,0.0,0.0,0.0
255297,0.003941082362519938,0.43073773284903516,0.003631119727644209,0.0,0.00660959222892907,0.012494235488941538,0.013791727200158069,0.0,0.0,0.0,0.0,1.0,0.0,0.0018840858325462437,0.0,0.0,0.0,0.001615086701360002,0.0,0.0027039255561668385,0.0,0.006979954558918663,0.0,0.0,0.0,0.0019834736623820623,0.01628089422497838,0.0,0.012305430652401889,0.0,0.0,0.001868049945872828,0.0,0.0,0.0,0.018495486345069735,0.0,0.034350385658913664,0.0017358946023779877,0.0,0.0,0.0,0.0016198942899851821,0.014419431788913058,0.012223492931666155,0.0,0.0,0.020363940412589376,0.03031123288707959,0.0017004457213850971,0.010558788849412064,0.005276777177833227,0.041315258706100574,0.007733543646427859,0.013983823720001806,0.002037611114119049,0.002190543331410088,0.0,0.02335701714179617,0.008030093502061943,0.0018179273662052894,0.0279964624879223,0.010466917918790754,0.013981130338837322,0.014013025491054855,0.011025204358441381,0.0018507035001159929,0.19201901779785158,0.0014850023861408706,0.0,0.0,0.0,0.005432996650901223,0.007868708185363517,0.0,0.0,0.002390035018141756,0.0,0.001880251381567458,0.010849428440382128,0.0,0.0015198260385085806,0.0,0.16665861153339595,0.0,0.0136281386661521,0.015504719209522216,0.010096459889202955,0.006827527283439948,0.002665623547793518,0.023030221081584184,0.00822123766170821,0.0,0.008630035053436617,0.29319713796984415,0.0,0.0,0.01917615550902522,0.006524270956016029,0.0,0.001447186689587922,0.0,0.010617389288933519,0.007381665729974547,0.03083512988547197,0.0,0.0,0.01408913521835213,0.0,0.0,0.0,0.0,0.0,0.0022331110311463566,0.0,0.0013521440334096407,0.0,0.004293258655195144,0.0017612862592135037,0.023774148935761113,0.0,0.0,0.0,0.0,0.006903778460200451,0.02956147278969979,0.0017082658634872908,0.0,0.0043941404415023064,0.008225115408675415,0.0,0.0,0.11501588488524692,0.0,0.0,0.0,0.0,0.0,0.0,0.01200740238781848,0.001777608744167266,0.006905063103655748,0.01160339342934528,0.0014924761420335641,0.01763028321888678,0.003336939538497542,0.01318070301888805,0.0,0.0,0.04608981538662044,0.0,0.0,0.05841067234295454,0.0,0.0,0.0013532974159131998,0.0,0.008483157271686838,0.0,0.10424081806264465,0.0,0.0,0.005276624796761257,0.0013217337887933514,0.001538310221046702,0.01189832351620181,0.0,0.0043788070051386544,0.010676504868007508,0.0,0.08167810035902102,0.16365935165209244
252225,0.0,0.0472481367687277,0.03925583260484257,0.13794576664800906,0.0,0.0,0.0,0.0,0.0029080261330584924,0.0020447186685225416,0.0,0.0,0.9999999999999996,0.010493707907523474,0.0,0.0,0.0,0.008995475575808976,0.0,0.0,0.0,0.0491280219099124,0.0,0.011976278796521366,0.002036075385775887,0.030543770878255713,0.0,0.14961524460773037,0.009362594285122752,0.019534577321381297,0.0,0.0,0.0021549295209416404,0.09611104776426828,0.0,0.0,0.001858046252590585,0.004023455469330924,0.012643074155148589,0.030168194930808395,0.0,0.06510532229472332,0.007233457406720687,0.0,0.00991137074759943,0.0,0.0,0.0,0.03886548018549807,0.08395232901073428,0.0029939758814735967,0.0,0.0,0.0,0.00886633388022993,0.021295058227234407,0.012200570420682602,0.0,0.0,0.0,0.0,0.0,0.021934492538657292,0.015742839947535295,0.0,0.0,0.0,0.0,0.0036052487024715116,0.02072405225206824,0.0,0.01899398976651098,0.002809297036538535,0.009693086790720146,0.0,0.0,0.018300738371528926,0.05139490134411624,0.019650492861405536,0.0,0.0,0.008464906557257986,0.0,0.0,0.0,0.0,0.0,0.0,0.0,0.0,0.0,0.03038205318007737,0.0,0.0,0.0,0.0,0.027981888008788425,0.0,0.0,0.0,0.0,0.0,0.0,0.0,0.014693151412028298,0.0,0.0,0.016877696403014078,0.0,0.0,0.0024780956301943173,0.0654106062708994,0.002301942479976026,0.04667645274078804,0.006770388738969796,0.0,0.0020520835617877007,0.19826668022907376,0.0,0.0406926754469092,0.048449601697854464,0.0,0.00811130946980695,0.0,0.0024259155760774924,0.09040729600059655,0.0,0.021600537457008986,0.0,0.0021265237057477597,0.0,0.0,0.002737147466130728,0.03375062973018938,0.0,0.017599418130269467,0.31725230963683637,0.034634486394177766,0.07828342598696134,0.1722805158363921,0.0,0.0,0.0,0.0,0.0,0.0020950891955263833,0.01767166771849718,0.06435642896077168,0.0014745176498332881,0.0,0.0,0.001756697560891448,0.002069272384601983,0.0,0.02573838847106593,0.0,0.0058834991914752015,0.0,0.0360183638783482,0.0016755109611482578,0.0,0.04017975951075789,0.0018189601254411734,0.00590205492010699,0.050807790472309225,0.0,0.0,0.0,0.016149809066216277,0.0,0.0021931648542318567,0.014680736897855477
48242,0.0,0.0019026609272240912,0.08234638334517605,0.005845156022251887,0.0,0.0,0.0183167055379418,0.06731907494118042,0.0,0.0,0.0,0.0018840858325462437,0.010493707907523474,1.0,0.0,0.0,0.0,0.019482317721123917,0.04327418197315136,0.0,0.0,0.00165509627204547,0.0,0.0,0.0,0.022353618345914407,0.0396500939511508,0.0,0.03087284814501383,0.0,0.0053730795870704975,0.0019731552254762205,0.0,0.0,0.0,0.0,0.0,0.004934758266180776,0.06370616914124469,0.0,0.0,0.06828523905554827,0.17217233067554086,0.0018937269551927097,0.010868289888087461,0.0,0.0,0.0,0.0,0.001796120798698442,0.06488575004361528,0.026991065641063305,0.020801741426228666,0.03851725052095804,0.005912342565782091,0.01428687328273703,0.013378506314489318,0.0,0.015524568610852569,0.0,0.08923899121543989,0.013830145578189365,0.060583944302103634,0.008293660716422915,0.0,0.0,0.00746559419322512,0.0018348659992104574,0.0015685556076978635,0.0,0.006130322368204661,0.004170388974791615,0.0,0.010628931137244904,0.0,0.0,0.0025245096339830977,0.007321621468649256,0.007584788052302135,0.03056033617693481,0.0,0.04066684077336465,0.0,0.012864307306058436,0.0,0.0,0.0,0.0,0.0,0.0,0.0,0.02008704190187506,0.01265326723099538,0.016118349363267302,0.001912010988101796,0.0,0.0,0.002319204665532547,0.1229183383517336,0.009867320230652383,0.07767225831800907,0.0,0.0,0.0,0.0020268582360012657,0.0,0.0,0.0021665425057853065,0.03430444864957903,0.0,0.0,0.0,0.0901218649274796,0.002358756365112195,0.02208859346499684,0.0014282220189097425,0.004363657208155193,0.0,0.0018603845114552298,0.0,0.011359880448038059,0.0046569820535598385,0.0,0.0,0.0,0.04593629259645962,0.0018043809387910564,0.0,0.08206952851158078,0.0,0.012176953803788538,0.18539694137848803,0.0,0.0,0.0,0.0,0.0,0.0,0.010692707721607306,0.0022269801739901772,0.0018776253762139204,0.0,0.0,0.0015764498722629962,0.0,0.0,0.0,0.0,0.0,0.006345830270060415,0.011400502570578406,0.0,0.0,0.0,0.0,0.001429440296139909,0.0,0.02153407057158383,0.004567216504057223,0.0,0.0,0.0,0.0,0.0013961007508434301,0.0016248627922223749,0.0,0.0,0.0,0.0,0.0,0.0,0.007197085527557128
342703,0.0024837219600700676,0.0,0.0,0.03304151517969889,0.0,0.0,0.0,0.0,0.0219996601220213,0.031181079694259203,0.0,0.0,0.0,0.0,0.9999999999999998,0.0025431070775830096,0.0,0.019931512267200188,0.010157900427859115,0.027075702352193108,0.02791044218097444,0.0,0.0,0.05439124335589445,0.0,0.036429413736233596,0.0,0.0027474085032523714,0.0,0.0,0.0026696592721677796,0.0,0.0505903626039046,0.0027211538749298348,0.003496147777271386,0.0,0.0,0.0,0.0,0.0,0.0,0.008686760426907966,0.0,0.0,0.0653673944023453,0.0,0.0,0.029391815368691086,0.018617359995399055,0.0,0.0,0.01253740833582095,0.013231244902367604,0.0,0.0,0.0,0.0,0.0,0.0,0.041882753801731974,0.0,0.06401432488819601,0.0,0.0,0.012156986117377961,0.0,0.0,0.0,0.0,0.0,0.0030459016447545477,0.02592316319113836,0.0214202853746255,0.0,0.0,0.022393235041011986,0.03294044365717702,0.013714860149831174,0.0,0.0,0.019834342725933037,0.0,0.0,0.0,0.0,0.0,0.0,0.0,0.02672252591508474,0.0033598220660891603,0.0,0.022439438602888304,0.0,0.0,0.0,0.0,0.05023623726016435,0.006774086322154502,0.0,0.0,0.0,0.03708400803589429,0.013802971419768027,0.0,0.12335148840656633,0.0,0.0,0.01574517372414001,0.08408722347917774,0.0,0.0,0.016335395515007824,0.0,0.0,0.0,0.010379488860397315,0.03211726121449129,0.0,0.0728243105377899,0.0,0.012928899447671912,0.0,0.022416929574521183,0.0720339444418269,0.0,0.0,0.0,0.0,0.0,0.0,0.011404933947010296,0.0,0.020706937009330045,0.0023889203948979057,0.06663951471035236,0.0,0.08220696715178742,0.0,0.0411251663811946,0.0,0.0,0.009960304760902075,0.01115831799381526,0.0,0.0,0.0,0.0,0.0,0.0,0.0,0.0,0.0,0.0,0.08602344965460883,0.0,0.0,0.0,0.0,0.11373960624127714,0.0,0.0,0.0,0.0,0.0,0.014238020015767634,0.0,0.0,0.0,0.0,0.0,0.14104247153311092,0.0
324334,0.0023381326082363503,0.0027904387088211226,0.004422898488719882,0.015907808086631635,0.0,0.0,0.0,0.045117782210810004,0.0,0.0,0.013217715865253103,0.0,0.0,0.0,0.0025431070775830096,1.0000000000000002,0.002746053106583545,0.0,0.0025364047853906496,0.07506068343310897,0.005837588842723311,0.0,0.0,0.0,0.0,0.0,0.019698275219490465,0.00258636252884722,0.051962640619641086,0.0,0.06354243825305471,0.0,0.0,0.0025616468788731313,0.003291212644840752,0.0,0.0,0.00256729028665572,0.0,0.0,0.0,0.02050737321175506,0.0025094036822022533,0.0,0.0,0.0,0.0,0.0,0.0,0.0,0.03564670431055959,0.022715434301266976,0.0033038119565534972,0.0,0.0,0.04051553757453125,0.03640169857236058,0.0,0.09600062756326624,0.03789477087670232,0.0,0.0,0.038699801052913554,0.03416555914145415,0.05705143380309901,0.0,0.06150871337903981,0.0,0.0,0.0,0.07129134117528417,0.0026157054874422765,0.019229118864580518,0.0,0.0,0.01788787669878722,0.0,0.01485171150881373,0.03707082714243046,0.002951108885375615,0.003784981043906465,0.024175984727710993,0.07883886294044713,0.0,0.005957973885961902,0.0,0.0,0.008089637813123014,0.006007118220143158,0.003162877993949643,0.0,0.00845031091530936,0.028500133353504476,0.0,0.008412454468187315,0.020511214414988824,0.005583138172887948,0.0,0.0,0.0,0.0,0.05351951844490967,0.03070617342668435,0.0044956322911612326,0.0,0.09840118663578509,0.0,0.05083334729365883,0.0,0.0,0.0,0.0,0.00893175263166989,0.0,0.0,0.0,0.0,0.0,0.0,0.0,0.006819078319641608,0.0,0.0,0.002881088487320622,0.0,0.0,0.0,0.0,0.0,0.0,0.0028477862374910053,0.0,0.0,0.03309397833586664,0.0,0.0,0.0,0.0,0.005097725300262112,0.0,0.0,0.0024870655938124624,0.0027862067911989335,0.055483687074116377,0.0,0.25186934262422034,0.0,0.0,0.03027840216373355,0.021930231542557736,0.0,0.0,0.0,0.0845706433487111,0.009649450772577589,0.012748043872541503,0.030029761791916413,0.0,0.0,0.0,0.0,0.0,0.0,0.0,0.0,0.0,0.0,0.0,0.0,0.0,0.0,0.0
255305,0.0,0.002877665043802499,0.023900472013440435,0.0,0.07372279300298673,0.0,0.012511353047343084,0.0,0.0,0.0,0.009046609515519631,0.0,0.0,0.0,0.0,0.002746053106583545,1.0,0.0,0.0,0.0,0.0,0.025704463131989867,0.0,0.0,0.0,0.0,0.0,0.013838940421984046,0.0,0.0,0.0,0.00766101896964959,0.0,0.0,0.11382667574733688,0.020336871094707845,0.0,0.0026475412241983944,0.0,0.003862343447332895,0.0,0.0,0.0025878451421401947,0.0,0.0,0.0,0.0,0.0,0.0,0.0,0.01011505548499952,0.0,0.0,0.005589683667417316,0.0,0.0,0.0,0.0,0.17775179475217184,0.029087273738287046,0.0,0.005910739254202553,0.0,0.06602205965308071,0.0,0.0,0.0,0.0,0.0,0.017161268114670242,0.0,0.01826896986711334,0.04281791051779124,0.0,0.0,0.0028988386176188666,0.0,0.01178434299349819,0.006007551769117288,0.022663810943748572,0.0,0.0,0.0,0.0,0.0,0.004418702318533856,0.0,0.008342511834521456,0.006194894753089944,0.0,0.0,0.00871445921868025,0.0,0.0,0.008675419416723198,0.12402010328902253,0.003031844979075127,0.0,0.0,0.0,0.0,0.0,0.002408397889418195,0.0,0.0,0.0,0.014798849297269163,0.0,0.07350969308225415,0.0,0.0,0.02188533578842443,0.0,0.0,0.0,0.0,0.0,0.0,0.0,0.0,0.003703004963359411,0.004185225792172008,0.0,0.0,0.0,0.007826451915372611,0.0,0.0,0.0,0.0,0.13132101574000105,0.004401311121621726,0.0,0.0,0.18402512150651076,0.0,0.0,0.0,0.04839431023920019,0.0,0.0,0.0,0.12848138005059398,0.04079948830345263,0.0,0.0220579948984047,0.0,0.0,0.0,0.0025131159633292864,0.0,0.029809629079685464,0.0,0.0,0.009951082993638177,0.0,0.0,0.0,0.0,0.0,0.0,0.0,0.0,0.0,0.0,0.0,0.0,0.0,0.0,0.0,0.0,0.0
255311,0.0,0.001631009748958184,0.0,0.005010617667112913,0.0,0.0,0.0,0.004405797913889191,0.0,0.03540010395954099,0.02115938568351742,0.001615086701360002,0.008995475575808976,0.019482317721123917,0.019931512267200188,0.0,0.0,1.0,0.008454668697772649,0.0,0.07485265102248453,0.0014187909766502338,0.01397414989675945,0.0,0.023360844718449944,0.0354002540996303,0.010495614775008337,0.0,0.010703772381525005,0.0,0.01937860719073118,0.001691439269557493,0.008241504590908185,0.0,0.0,0.02220564403412342,0.06265544186779465,0.011924032271206201,0.001571778262547004,0.0,0.0,0.0,0.019148923235453943,0.05156321578252269,0.009316576857357484,0.0,0.0,0.0,0.0,0.027611429128083054,0.0,0.0,0.0,0.0,0.00506821169552261,0.1510100759279099,0.011468398763654613,0.0,0.013308058409341862,0.0,0.01008577551781576,0.011855555524781663,0.008018464492528469,0.007109538693671878,0.0,0.0,0.006399698830563972,0.014377961365160091,0.0013446060994539621,0.0,0.005255069573213877,0.003574964397233209,0.010744126060206366,0.009111392396723064,0.0,0.019807128501661508,0.01325980186051854,0.029106708069948597,0.00650187486381767,0.006587552169982606,0.02500523155754441,0.034860658991645935,0.02712525215010901,0.04111291924053925,0.01574507283433357,0.0,0.0,0.0,0.0,0.0,0.0,0.03706712373528966,0.03057454056718281,0.0,0.001639024860966154,0.01931908361954382,0.06214779539571509,0.012181452558147633,0.004729233867092062,0.008458519992716955,0.0013103656048158805,0.0,0.0,0.0,0.001737474867630421,0.0,0.0,0.00185721580650925,0.005843111745265441,0.0,0.035667742762696644,0.013293297400224564,0.0,0.002021986456897504,0.008631092777776867,0.0012243085476701825,0.003740638884089791,0.0,0.0015947693209957395,0.0,0.006325455193138453,0.003992084465181646,0.06108619108692944,0.0,0.0,0.019733622005603805,0.0015467616220490755,0.0,0.0,0.0,0.01993100229489083,0.0,0.010468190810366658,0.0,0.0,0.04698245631014293,0.006107197794876365,0.0,0.025342577350812336,0.001909024525885361,0.0016095486324850022,0.0,0.009287340679513463,0.007621461194841926,0.0,0.023549600216737732,0.0,0.03576918237013494,0.0,0.005439808474336463,0.009772803219733233,0.0,0.0,0.0,0.0,0.0012253528861599808,0.0,0.0,0.00391513513371408,0.0,0.0,0.0,0.0,0.0011967733727919715,0.0013928740622747749,0.0,0.0,0.0,0.0,0.0,0.0167754704171226,0.014452392535535874
255319,0.0024771761758017974,0.0,0.0,0.0028965603934650824,0.007623262963265591,0.0,0.0,0.014235902388244273,0.0,0.0022044296398559186,0.0,0.0,0.0,0.04327418197315136,0.010157900427859115,0.0025364047853906496,0.0,0.008454668697772649,1.0000000000000002,0.012792013959004731,0.024972891773332374,0.0,0.00393925997029511,0.0,0.01259639246947047,0.0,0.002958674084096951,0.002740167779995814,0.0,0.0,0.0026626234549763476,0.0,0.002323248953948648,0.002713982345059576,0.02297697710118749,0.006259687015274515,0.017578290044927506,0.002168861816487033,0.0398704865839346,0.0,0.0,0.00866386669699019,0.08016194990363426,0.014077858793314524,0.0,0.0,0.0,0.0,0.0,0.0,0.0,0.06413138904451943,0.013196374302467962,0.0,0.0,0.005333251425533227,0.0,0.0,0.0,0.0,0.002379125155469622,0.07661474017096584,0.0022603747943175387,0.0,0.012124946698410763,0.0,0.0,0.0022733816307492407,0.0,0.0,0.020017921667663526,0.024204726495568984,0.00302872847489565,0.0,0.0,0.006502908295701802,0.0031278435760519994,0.028926388267737534,0.0,0.0,0.0021033626843985176,0.010893290304574579,0.05237962656076443,0.008480933636469401,0.0,0.005917535272469728,0.0,0.012476396371514693,0.0,0.0033509673429043744,0.0,0.027842261066642768,0.005561202123959755,0.0,0.0,0.005445976558681463,0.02803887713074093,0.07530983739671777,0.006639816435389157,0.0,0.0,0.0,0.0022245279660468944,0.006841253410094454,0.0,0.0,0.0,0.0,0.02628890277344676,0.0,0.005343314502571688,0.0,0.0,0.03683584698802472,0.016666883463770724,0.0048457182323259846,0.0,0.0,0.0,0.0073445472168709725,0.012894825671310794,0.0,0.0,0.03264658244362876,0.0378680605411266,0.0,0.01836588744060075,0.0,0.0,0.0,0.014050806012129356,0.0,0.002950943372251302,0.002382624457675274,0.0,0.021405058634920406,0.0,0.012281272287233736,0.0,0.0,0.0,0.016333597537165838,0.01374697672789679,0.0,0.0,0.01982086586790235,0.0,0.010083197140566904,0.0,0.011275248333360882,0.0,0.0,0.0,0.009180678920767883,0.02790383869476194,0.0,0.0,0.0,0.0,0.0,0.0,0.0,0.06179387766254273,0.0,0.0,0.0,0.0,0.0,0.0,0.0,0.004728941623301555,0.002334908640732221
